chr19	3000000	3000040	-5.40
chr19	3000010	3000050	-6.90
chr19	3000020	3000060	-8.00
chr19	3000030	3000070	-5.20
chr19	3000040	3000080	-10.40
chr19	3000050	3000090	-7.80
chr19	3000060	3000100	-1.10
chr19	3033680	3033720	-7.60
chr19	3033690	3033730	-5.20
chr19	3033700	3033740	-7.20
chr19	3033710	3033750	-3.20
chr19	3033720	3033760	-7.80
chr19	3033730	3033770	-5.10
chr19	3033740	3033780	-5.10
chr19	3033750	3033790	-8.80
chr19	3034040	3034080	-5.20
chr19	3034050	3034090	-5.10
chr19	3034060	3034100	-4.70
chr19	3034070	3034110	-2.20
chr19	3034080	3034120	0.00
chr19	3034090	3034130	-2.90
chr19	3034100	3034140	-2.90
chr19	3034380	3034420	-2.20
chr19	3034390	3034430	-7.00
chr19	3034400	3034440	-7.60
chr19	3034410	3034450	-5.80
chr19	3034420	3034460	-6.00
chr19	3034430	3034470	-5.70
chr19	3083100	3083140	-1.80
chr19	3083110	3083150	-3.30
chr19	3083120	3083160	-3.80
chr19	3083130	3083170	-9.10
chr19	3083140	3083180	-5.50
chr19	3083150	3083190	-2.80
chr19	3083460	3083500	-11.20
chr19	3083470	3083510	-17.70
chr19	3083480	3083520	-13.60
chr19	3083490	3083530	-8.90
chr19	3083500	3083540	-14.00
chr19	3083510	3083550	-7.10
chr19	3083520	3083560	-3.60
chr19	3083530	3083570	-4.40
chr19	3083540	3083580	-7.90
chr19	3083550	3083590	-5.00
chr19	3083560	3083600	-2.50
chr19	3083570	3083610	0.00
chr19	3083580	3083620	-0.60
chr19	3083590	3083630	-6.10
chr19	3083600	3083640	-6.70
chr19	3083610	3083650	-6.50
chr19	3083620	3083660	-5.90
chr19	3083630	3083670	-8.80
chr19	3083640	3083680	-10.20
chr19	3083650	3083690	-13.00
chr19	3083660	3083700	-14.50
chr19	3083670	3083710	-4.60
chr19	3083680	3083720	-7.20
chr19	3083690	3083730	-11.80
chr19	3083700	3083740	-5.30
chr19	3083710	3083750	-9.80
chr19	3083720	3083760	-19.30
chr19	3083730	3083770	-14.00
chr19	3083740	3083780	-12.80
chr19	3083750	3083790	-20.00
chr19	3083760	3083800	-12.30
chr19	3083840	3083880	-3.90
chr19	3083850	3083890	-1.80
chr19	3083860	3083900	-6.50
chr19	3083870	3083910	-6.80
chr19	3083880	3083920	-6.30
chr19	3083890	3083930	-4.60
chr19	3083900	3083940	-3.20
chr19	3083910	3083950	-2.60
chr19	3084030	3084070	-0.50
chr19	3084040	3084080	-2.40
chr19	3084050	3084090	-4.50
chr19	3084060	3084100	-4.50
chr19	3084070	3084110	-4.90
chr19	3084080	3084120	-4.90
chr19	3084090	3084130	-1.10
chr19	3084100	3084140	-10.10
chr19	3084110	3084150	-12.70
chr19	3084120	3084160	-9.10
chr19	3084130	3084170	-13.40
chr19	3084140	3084180	-11.40
chr19	3084150	3084190	-9.30
chr19	3084160	3084200	-8.70
chr19	3084170	3084210	-6.30
chr19	3084180	3084220	-4.10
chr19	3084190	3084230	-6.30
chr19	3084200	3084240	-6.20
chr19	3084210	3084250	-10.30
chr19	3084220	3084260	-8.80
chr19	3084230	3084270	-5.90
chr19	3084240	3084280	-2.60
chr19	3084250	3084290	-1.80
chr19	3084260	3084300	-8.60
chr19	3084270	3084310	-9.70
chr19	3084280	3084320	-9.90
chr19	3084290	3084330	-8.20
chr19	3084300	3084340	-8.60
chr19	3084310	3084350	-5.20
chr19	3084320	3084360	-0.90
chr19	3084330	3084370	-1.30
chr19	3084340	3084380	-1.80
chr19	3084350	3084390	-0.80
chr19	3084360	3084400	-4.00
chr19	3084370	3084410	-7.90
chr19	3084380	3084420	-8.10
chr19	3084390	3084430	-10.80
chr19	3084400	3084440	-10.50
chr19	3084410	3084450	-7.60
chr19	3084420	3084460	-0.40
chr19	3084430	3084470	-4.80
chr19	3084440	3084480	-10.10
chr19	3084450	3084490	-10.50
chr19	3084460	3084500	-8.50
chr19	3084470	3084510	-5.30
chr19	3084480	3084520	-6.30
chr19	3084490	3084530	-5.80
chr19	3084500	3084540	-13.80
chr19	3084510	3084550	-12.70
chr19	3084520	3084560	-12.70
chr19	3084530	3084570	-12.20
chr19	3084540	3084580	-8.40
chr19	3084550	3084590	-9.70
chr19	3084560	3084600	-11.10
chr19	3084570	3084610	-10.10
chr19	3084580	3084620	-14.70
chr19	3084590	3084630	-9.70
chr19	3084600	3084640	-11.00
chr19	3084610	3084650	-3.80
chr19	3084620	3084660	-4.30
chr19	3084630	3084670	-3.80
chr19	3084640	3084680	-1.30
chr19	3084650	3084690	0.00
chr19	3084660	3084700	-1.00
chr19	3084670	3084710	0.00
chr19	3084680	3084720	0.00
chr19	3084690	3084730	0.00
chr19	3084700	3084740	0.00
chr19	3084710	3084750	-5.30
chr19	3084720	3084760	-2.00
chr19	3084730	3084770	-2.70
chr19	3084740	3084780	-10.30
chr19	3084750	3084790	-4.60
chr19	3084760	3084800	-2.60
chr19	3084770	3084810	-1.10
chr19	3084780	3084820	0.00
chr19	3084790	3084830	0.00
chr19	3084800	3084840	0.00
chr19	3084810	3084850	0.00
chr19	3084820	3084860	0.00
chr19	3084830	3084870	-2.60
chr19	3084840	3084880	-2.60
chr19	3084850	3084890	-8.20
chr19	3084860	3084900	-4.50
chr19	3084960	3085000	-4.10
chr19	3084970	3085010	-7.40
chr19	3084980	3085020	-5.90
chr19	3084990	3085030	-0.80
chr19	3085000	3085040	0.00
chr19	3085010	3085050	-2.70
chr19	3085020	3085060	-2.70
chr19	3085030	3085070	-2.00
chr19	3085040	3085080	-7.90
chr19	3085050	3085090	0.00
chr19	3085060	3085100	-2.20
chr19	3085070	3085110	-4.00
chr19	3085080	3085120	-2.20
chr19	3085090	3085130	-1.70
chr19	3085380	3085420	-6.30
chr19	3085390	3085430	-2.80
chr19	3085400	3085440	-2.70
chr19	3085410	3085450	-6.40
chr19	3085420	3085460	-2.10
chr19	3085430	3085470	-2.30
chr19	3085490	3085530	-11.40
chr19	3085500	3085540	-9.10
chr19	3085510	3085550	-8.20
chr19	3085520	3085560	-8.90
chr19	3085530	3085570	-5.80
chr19	3085540	3085580	-5.80
chr19	3085720	3085760	-3.80
chr19	3085730	3085770	-3.80
chr19	3085740	3085780	-2.70
chr19	3085750	3085790	-2.00
chr19	3085760	3085800	-5.50
chr19	3085770	3085810	-5.50
chr19	3085780	3085820	-2.60
chr19	3085790	3085830	-4.70
chr19	3085800	3085840	-10.80
chr19	3085810	3085850	-9.80
chr19	3085970	3086010	-5.90
chr19	3085980	3086020	-4.40
chr19	3085990	3086030	-5.40
chr19	3086000	3086040	-6.20
chr19	3086010	3086050	-3.40
chr19	3086020	3086060	-3.70
chr19	3086030	3086070	-4.30
chr19	3086040	3086080	-2.10
chr19	3086050	3086090	-3.50
chr19	3086060	3086100	-2.80
chr19	3086070	3086110	-3.50
chr19	3086080	3086120	-3.60
chr19	3086090	3086130	-5.20
chr19	3086100	3086140	-3.20
chr19	3086110	3086150	-6.30
chr19	3086120	3086160	-6.30
chr19	3086130	3086170	-2.70
chr19	3086350	3086390	-4.60
chr19	3086360	3086400	-3.30
chr19	3086370	3086410	-3.00
chr19	3086380	3086420	-3.00
chr19	3086390	3086430	-2.60
chr19	3086400	3086440	-8.40
chr19	3086410	3086450	-2.80
chr19	3086560	3086600	-7.10
chr19	3086570	3086610	-3.30
chr19	3086580	3086620	-2.50
chr19	3086590	3086630	-1.70
chr19	3086600	3086640	-11.00
chr19	3086610	3086650	-6.40
chr19	3086620	3086660	-7.00
chr19	3086630	3086670	-6.60
chr19	3086640	3086680	-8.10
chr19	3086650	3086690	-10.30
chr19	3086660	3086700	-8.40
chr19	3086670	3086710	-1.00
chr19	3086760	3086800	-6.70
chr19	3086770	3086810	-7.80
chr19	3086780	3086820	-7.30
chr19	3086790	3086830	-9.40
chr19	3086800	3086840	-4.70
chr19	3086810	3086850	-3.90
chr19	3086820	3086860	-5.00
chr19	3086830	3086870	-5.90
chr19	3086840	3086880	-5.90
chr19	3086850	3086890	-5.30
chr19	3086860	3086900	-10.90
chr19	3086870	3086910	-5.90
chr19	3086880	3086920	-5.90
chr19	3086890	3086930	-2.80
chr19	3086900	3086940	-3.00
chr19	3087020	3087060	-2.50
chr19	3087030	3087070	-2.80
chr19	3087040	3087080	-4.20
chr19	3087050	3087090	-4.20
chr19	3087060	3087100	-2.70
chr19	3087070	3087110	-4.10
chr19	3087080	3087120	-4.10
chr19	3087090	3087130	-1.80
chr19	3087100	3087140	-4.20
chr19	3087110	3087150	-3.80
chr19	3087120	3087160	-9.10
chr19	3087130	3087170	-4.50
chr19	3087140	3087180	-2.80
chr19	3087150	3087190	-3.00
chr19	3087160	3087200	-2.90
chr19	3087280	3087320	-7.80
chr19	3087290	3087330	-8.60
chr19	3087300	3087340	-9.30
chr19	3087310	3087350	-7.30
chr19	3087320	3087360	-8.00
chr19	3087330	3087370	-8.60
chr19	3157860	3157900	-2.10
chr19	3157870	3157910	-1.90
chr19	3157880	3157920	-4.20
chr19	3157890	3157930	-3.70
chr19	3157900	3157940	-3.00
chr19	3157910	3157950	-7.90
chr19	3164060	3164100	-7.20
chr19	3164070	3164110	-9.40
chr19	3164080	3164120	-5.70
chr19	3164090	3164130	-8.30
chr19	3164100	3164140	-8.20
chr19	3164110	3164150	-14.10
chr19	3164840	3164880	-12.10
chr19	3164850	3164890	-14.60
chr19	3164860	3164900	-9.60
chr19	3164870	3164910	-13.20
chr19	3164880	3164920	-11.20
chr19	3164890	3164930	-9.40
chr19	3167550	3167590	-10.20
chr19	3167560	3167600	-11.60
chr19	3167570	3167610	-6.30
chr19	3167580	3167620	-10.00
chr19	3167590	3167630	-4.30
chr19	3167600	3167640	-2.00
chr19	3205780	3205820	-19.60
chr19	3205790	3205830	-26.70
chr19	3205800	3205840	-18.20
chr19	3205810	3205850	-17.40
chr19	3205820	3205860	-11.30
chr19	3205830	3205870	-9.50
chr19	3205840	3205880	-11.70
chr19	3205850	3205890	-11.60
chr19	3205860	3205900	-8.30
chr19	3205870	3205910	-13.20
chr19	3205880	3205920	-17.40
chr19	3205890	3205930	-11.20
chr19	3205900	3205940	-11.80
chr19	3205910	3205950	-14.60
chr19	3205970	3206010	-8.80
chr19	3205980	3206020	-9.30
chr19	3205990	3206030	-13.00
chr19	3206000	3206040	-12.60
chr19	3206010	3206050	-2.20
chr19	3206020	3206060	-2.20
chr19	3206030	3206070	-4.20
chr19	3206040	3206080	-2.50
chr19	3206170	3206210	-4.70
chr19	3206180	3206220	-5.80
chr19	3206190	3206230	-3.10
chr19	3206200	3206240	-11.70
chr19	3206210	3206250	-6.00
chr19	3206220	3206260	-1.50
chr19	3206650	3206690	-11.20
chr19	3206660	3206700	-9.40
chr19	3206670	3206710	-6.20
chr19	3206680	3206720	-13.50
chr19	3206690	3206730	-11.70
chr19	3206700	3206740	-11.70
chr19	3224760	3224800	-1.00
chr19	3224770	3224810	-3.20
chr19	3224780	3224820	-3.20
chr19	3224790	3224830	-2.30
chr19	3224800	3224840	-8.20
chr19	3224810	3224850	-0.30
chr19	3225140	3225180	-4.00
chr19	3225150	3225190	-7.40
chr19	3225160	3225200	-12.80
chr19	3225170	3225210	-12.80
chr19	3225180	3225220	-5.80
chr19	3225190	3225230	-6.70
chr19	3225200	3225240	-7.10
chr19	3225210	3225250	-6.60
chr19	3225220	3225260	-5.80
chr19	3225230	3225270	-2.50
chr19	3225980	3226020	-5.80
chr19	3225990	3226030	-1.50
chr19	3226000	3226040	-3.10
chr19	3226010	3226050	-4.50
chr19	3226020	3226060	-7.00
chr19	3226030	3226070	-3.60
chr19	3226040	3226080	-10.10
chr19	3226050	3226090	-5.20
chr19	3226060	3226100	-5.80
chr19	3226070	3226110	-8.80
chr19	3226080	3226120	-6.60
chr19	3226090	3226130	-3.10
chr19	3226100	3226140	-6.50
chr19	3226110	3226150	-4.20
chr19	3226120	3226160	-2.90
chr19	3226570	3226610	-7.60
chr19	3226580	3226620	-12.40
chr19	3226590	3226630	-9.70
chr19	3226600	3226640	-8.00
chr19	3226610	3226650	-8.70
chr19	3226620	3226660	-7.40
chr19	3226630	3226670	-4.90
chr19	3226640	3226680	-5.70
chr19	3226650	3226690	0.00
chr19	3226940	3226980	-9.50
chr19	3226950	3226990	-3.20
chr19	3226960	3227000	-4.90
chr19	3226970	3227010	-1.30
chr19	3226980	3227020	-0.90
chr19	3226990	3227030	0.00
chr19	3227700	3227740	-1.10
chr19	3227710	3227750	-2.60
chr19	3227720	3227760	-2.60
chr19	3227730	3227770	-0.60
chr19	3227740	3227780	-0.50
chr19	3227750	3227790	-3.00
chr19	3227760	3227800	-9.60
chr19	3249850	3249890	-5.80
chr19	3249860	3249900	-1.00
chr19	3249870	3249910	-0.80
chr19	3249880	3249920	-0.50
chr19	3249890	3249930	-6.80
chr19	3249900	3249940	-6.80
chr19	3249910	3249950	-3.40
chr19	3249920	3249960	-4.00
chr19	3249930	3249970	-1.70
chr19	3249940	3249980	-4.00
chr19	3252180	3252220	-5.50
chr19	3252190	3252230	-7.30
chr19	3252200	3252240	-1.90
chr19	3252210	3252250	-5.30
chr19	3252220	3252260	-1.40
chr19	3252230	3252270	-1.30
chr19	3254360	3254400	-8.70
chr19	3254370	3254410	-2.80
chr19	3254380	3254420	-5.30
chr19	3254390	3254430	-2.80
chr19	3254400	3254440	-4.80
chr19	3254410	3254450	-2.90
chr19	3259230	3259270	-10.20
chr19	3259240	3259280	-7.90
chr19	3259250	3259290	-8.40
chr19	3259260	3259300	-10.60
chr19	3259270	3259310	-4.10
chr19	3259280	3259320	-3.70
chr19	3259770	3259810	-10.30
chr19	3259780	3259820	-6.00
chr19	3259790	3259830	-5.20
chr19	3259800	3259840	-9.30
chr19	3259810	3259850	-9.30
chr19	3259820	3259860	-7.00
chr19	3260420	3260460	-2.60
chr19	3260430	3260470	-3.20
chr19	3260440	3260480	0.00
chr19	3260450	3260490	-1.20
chr19	3260460	3260500	-2.70
chr19	3260470	3260510	-7.20
chr19	3260580	3260620	-3.10
chr19	3260590	3260630	-5.90
chr19	3260600	3260640	-7.20
chr19	3260610	3260650	-6.80
chr19	3260620	3260660	-5.90
chr19	3260630	3260670	-4.10
chr19	3261000	3261040	-4.60
chr19	3261010	3261050	-6.80
chr19	3261020	3261060	-11.20
chr19	3261030	3261070	-8.10
chr19	3261040	3261080	-9.10
chr19	3261050	3261090	-9.80
chr19	3261060	3261100	-9.10
chr19	3261070	3261110	-8.80
chr19	3261080	3261120	-4.00
chr19	3261090	3261130	-2.80
chr19	3261100	3261140	-4.10
chr19	3261110	3261150	-5.80
chr19	3261120	3261160	-2.50
chr19	3261130	3261170	-2.50
chr19	3261140	3261180	-0.70
chr19	3261150	3261190	-2.50
chr19	3261160	3261200	-2.70
chr19	3261170	3261210	-7.60
chr19	3261180	3261220	-11.50
chr19	3261190	3261230	-7.90
chr19	3261200	3261240	-10.70
chr19	3261210	3261250	-13.40
chr19	3261220	3261260	-7.00
chr19	3261230	3261270	-10.90
chr19	3261240	3261280	-7.90
chr19	3261250	3261290	-7.80
chr19	3261260	3261300	-9.60
chr19	3261270	3261310	-7.10
chr19	3261280	3261320	-4.00
chr19	3261290	3261330	-3.90
chr19	3261300	3261340	-8.20
chr19	3261310	3261350	-10.90
chr19	3261320	3261360	-7.50
chr19	3261330	3261370	-7.40
chr19	3261340	3261380	-6.50
chr19	3261350	3261390	-6.60
chr19	3261360	3261400	-10.50
chr19	3261370	3261410	-5.00
chr19	3261380	3261420	-2.70
chr19	3261390	3261430	-12.80
chr19	3261400	3261440	-12.80
chr19	3261410	3261450	-11.70
chr19	3261420	3261460	-7.70
chr19	3261430	3261470	0.00
chr19	3261440	3261480	-2.30
chr19	3261450	3261490	-4.00
chr19	3261460	3261500	-6.90
chr19	3261470	3261510	-10.00
chr19	3261480	3261520	-10.40
chr19	3261490	3261530	-11.10
chr19	3261500	3261540	-15.40
chr19	3261510	3261550	-17.10
chr19	3261520	3261560	-15.70
chr19	3261530	3261570	-15.20
chr19	3261540	3261580	-4.40
chr19	3261550	3261590	-4.30
chr19	3261560	3261600	-5.70
chr19	3261570	3261610	-10.10
chr19	3261580	3261620	-12.10
chr19	3261590	3261630	-11.00
chr19	3261600	3261640	-10.90
chr19	3261980	3262020	-10.00
chr19	3261990	3262030	-11.20
chr19	3262000	3262040	-7.40
chr19	3262010	3262050	-9.00
chr19	3262020	3262060	-10.20
chr19	3262030	3262070	-11.40
chr19	3262040	3262080	-12.00
chr19	3262050	3262090	-9.00
chr19	3262060	3262100	-7.20
chr19	3262070	3262110	-7.20
chr19	3262080	3262120	-6.40
chr19	3262090	3262130	-7.60
chr19	3262100	3262140	-10.60
chr19	3262110	3262150	-9.60
chr19	3262120	3262160	-7.80
chr19	3262130	3262170	-5.90
chr19	3262140	3262180	-8.00
chr19	3262150	3262190	-4.50
chr19	3262160	3262200	-5.70
chr19	3262240	3262280	-9.30
chr19	3262250	3262290	-9.30
chr19	3262260	3262300	-9.00
chr19	3262270	3262310	-3.90
chr19	3262280	3262320	0.00
chr19	3262290	3262330	-10.20
chr19	3262300	3262340	-9.20
chr19	3262310	3262350	-7.30
chr19	3262320	3262360	-4.70
chr19	3262330	3262370	-10.10
chr19	3262340	3262380	-2.90
chr19	3262350	3262390	-8.00
chr19	3262360	3262400	-10.00
chr19	3262370	3262410	-10.20
chr19	3262380	3262420	-15.50
chr19	3262390	3262430	-7.80
chr19	3262400	3262440	-0.60
chr19	3262410	3262450	-2.80
chr19	3262420	3262460	-4.80
chr19	3262430	3262470	-9.90
chr19	3262440	3262480	-11.70
chr19	3262450	3262490	-10.60
chr19	3262460	3262500	-8.50
chr19	3262470	3262510	-10.10
chr19	3262480	3262520	-14.20
chr19	3262490	3262530	-12.80
chr19	3262500	3262540	-6.30
chr19	3262510	3262550	-6.90
chr19	3262650	3262690	-2.90
chr19	3262660	3262700	-8.60
chr19	3262670	3262710	-8.80
chr19	3262680	3262720	-1.40
chr19	3262690	3262730	-2.20
chr19	3262700	3262740	-3.40
chr19	3262710	3262750	-7.30
chr19	3262720	3262760	-8.10
chr19	3262730	3262770	-7.50
chr19	3262740	3262780	-5.80
chr19	3262750	3262790	-10.10
chr19	3262870	3262910	-8.00
chr19	3262880	3262920	-4.30
chr19	3262890	3262930	-4.60
chr19	3262900	3262940	-3.10
chr19	3262910	3262950	-0.70
chr19	3262920	3262960	-0.70
chr19	3263290	3263330	-4.40
chr19	3263300	3263340	-9.50
chr19	3263310	3263350	-8.20
chr19	3263320	3263360	-6.10
chr19	3263330	3263370	-3.70
chr19	3263340	3263380	-7.70
chr19	3263350	3263390	-8.00
chr19	3263360	3263400	-9.00
chr19	3263370	3263410	-12.00
chr19	3263670	3263710	-6.60
chr19	3263680	3263720	-4.90
chr19	3263690	3263730	-5.00
chr19	3263700	3263740	-4.90
chr19	3263710	3263750	-8.40
chr19	3263720	3263760	-10.00
chr19	3263730	3263770	-7.60
chr19	3263740	3263780	-7.90
chr19	3263750	3263790	-6.30
chr19	3263760	3263800	-9.10
chr19	3263770	3263810	-5.40
chr19	3263780	3263820	-4.50
chr19	3263790	3263830	-7.20
chr19	3263800	3263840	-7.50
chr19	3263810	3263850	-11.30
chr19	3263820	3263860	-8.00
chr19	3263830	3263870	-2.60
chr19	3263840	3263880	-4.20
chr19	3264070	3264110	-7.90
chr19	3264080	3264120	-7.00
chr19	3264090	3264130	-5.70
chr19	3264100	3264140	-6.90
chr19	3264110	3264150	-7.50
chr19	3264120	3264160	-2.70
chr19	3264290	3264330	-10.40
chr19	3264300	3264340	-11.80
chr19	3264310	3264350	-12.10
chr19	3264320	3264360	-9.40
chr19	3264330	3264370	-8.90
chr19	3264340	3264380	-11.30
chr19	3264450	3264490	-2.70
chr19	3264460	3264500	-5.00
chr19	3264470	3264510	-11.50
chr19	3264480	3264520	-12.10
chr19	3264490	3264530	-10.40
chr19	3264500	3264540	-5.60
chr19	3264680	3264720	-12.60
chr19	3264690	3264730	-16.30
chr19	3264700	3264740	-12.90
chr19	3264710	3264750	-16.60
chr19	3264720	3264760	-14.40
chr19	3264730	3264770	-15.00
chr19	3264820	3264860	-6.30
chr19	3264830	3264870	-6.30
chr19	3264840	3264880	-8.60
chr19	3264850	3264890	-9.80
chr19	3264860	3264900	-11.90
chr19	3264870	3264910	-13.10
chr19	3264880	3264920	-17.90
chr19	3264890	3264930	-16.40
chr19	3264900	3264940	-10.10
chr19	3264910	3264950	-5.80
chr19	3264920	3264960	-8.20
chr19	3264930	3264970	-8.20
chr19	3264940	3264980	-10.10
chr19	3264950	3264990	-15.70
chr19	3264960	3265000	-16.70
chr19	3264970	3265010	-14.50
chr19	3264980	3265020	-16.70
chr19	3264990	3265030	-17.40
chr19	3265000	3265040	-16.80
chr19	3265010	3265050	-9.70
chr19	3265020	3265060	-13.90
chr19	3265030	3265070	-14.80
chr19	3265040	3265080	-17.80
chr19	3265050	3265090	-13.60
chr19	3265060	3265100	-12.30
chr19	3265070	3265110	-3.90
chr19	3265080	3265120	-7.90
chr19	3265090	3265130	-9.50
chr19	3265100	3265140	-10.40
chr19	3265110	3265150	-6.90
chr19	3265120	3265160	-7.60
chr19	3265130	3265170	-6.80
chr19	3265140	3265180	-5.30
chr19	3265150	3265190	-11.30
chr19	3265160	3265200	-7.50
chr19	3265170	3265210	-8.10
chr19	3265180	3265220	-6.20
chr19	3265190	3265230	-2.20
chr19	3265200	3265240	-1.50
chr19	3265210	3265250	-1.00
chr19	3265220	3265260	-5.60
chr19	3265230	3265270	-6.40
chr19	3265240	3265280	-17.20
chr19	3265250	3265290	-9.30
chr19	3265260	3265300	-10.80
chr19	3265270	3265310	-12.40
chr19	3265280	3265320	-9.90
chr19	3265290	3265330	-11.10
chr19	3265300	3265340	-12.60
chr19	3265310	3265350	-14.70
chr19	3265320	3265360	-13.20
chr19	3265330	3265370	-13.00
chr19	3265340	3265380	-16.60
chr19	3265350	3265390	-11.40
chr19	3265360	3265400	-9.90
chr19	3265370	3265410	-6.70
chr19	3265380	3265420	-13.00
chr19	3265390	3265430	-13.00
chr19	3265400	3265440	-12.50
chr19	3265410	3265450	-9.70
chr19	3265420	3265460	-15.60
chr19	3265430	3265470	-14.80
chr19	3265440	3265480	-14.90
chr19	3265450	3265490	-12.40
chr19	3265460	3265500	-9.70
chr19	3265470	3265510	-3.80
chr19	3265480	3265520	-6.50
chr19	3265490	3265530	-5.60
chr19	3265500	3265540	-3.50
chr19	3265510	3265550	-3.30
chr19	3265520	3265560	-2.20
chr19	3265530	3265570	-2.90
chr19	3265540	3265580	-5.70
chr19	3265550	3265590	-3.90
chr19	3265560	3265600	-8.70
chr19	3265570	3265610	-8.40
chr19	3265580	3265620	-12.50
chr19	3265590	3265630	-12.50
chr19	3265600	3265640	-6.40
chr19	3265610	3265650	-5.20
chr19	3265620	3265660	-1.90
chr19	3265630	3265670	-2.30
chr19	3265850	3265890	-8.10
chr19	3265860	3265900	-8.10
chr19	3265870	3265910	-0.40
chr19	3265880	3265920	0.00
chr19	3265890	3265930	-0.20
chr19	3265900	3265940	-4.70
chr19	3265910	3265950	-6.70
chr19	3265920	3265960	-8.30
chr19	3265930	3265970	-7.00
chr19	3265940	3265980	-4.50
chr19	3265950	3265990	-2.40
chr19	3265960	3266000	-2.00
chr19	3265970	3266010	-1.20
chr19	3265980	3266020	-4.80
chr19	3265990	3266030	-13.50
chr19	3266330	3266370	-11.40
chr19	3266340	3266380	-10.40
chr19	3266350	3266390	-10.00
chr19	3266360	3266400	-5.80
chr19	3266370	3266410	-3.20
chr19	3266380	3266420	-3.20
chr19	3266390	3266430	-4.70
chr19	3266400	3266440	-12.20
chr19	3266610	3266650	-7.70
chr19	3266620	3266660	-17.70
chr19	3266630	3266670	-8.10
chr19	3266640	3266680	-2.00
chr19	3266650	3266690	-6.50
chr19	3266660	3266700	-6.10
chr19	3268300	3268340	-8.60
chr19	3268310	3268350	-7.70
chr19	3268320	3268360	-2.20
chr19	3268330	3268370	-9.80
chr19	3268340	3268380	-7.60
chr19	3268350	3268390	-9.40
chr19	3268360	3268400	-12.60
chr19	3268370	3268410	-9.70
chr19	3268660	3268700	-8.20
chr19	3268670	3268710	-11.90
chr19	3268680	3268720	-8.50
chr19	3268690	3268730	-11.50
chr19	3268700	3268740	-10.80
chr19	3268710	3268750	-12.50
chr19	3269750	3269790	-6.30
chr19	3269760	3269800	-9.60
chr19	3269770	3269810	-10.30
chr19	3269780	3269820	-13.40
chr19	3269790	3269830	-7.90
chr19	3269800	3269840	-5.70
chr19	3270730	3270770	-7.40
chr19	3270740	3270780	-5.50
chr19	3270750	3270790	-3.60
chr19	3270760	3270800	-3.00
chr19	3270770	3270810	-3.00
chr19	3270780	3270820	-4.20
chr19	3271330	3271370	-11.80
chr19	3271340	3271380	-8.50
chr19	3271350	3271390	-8.80
chr19	3271360	3271400	-15.20
chr19	3271370	3271410	-13.00
chr19	3271380	3271420	-14.00
chr19	3271550	3271590	-12.10
chr19	3271560	3271600	-15.20
chr19	3271570	3271610	-10.60
chr19	3271580	3271620	-12.40
chr19	3271590	3271630	-10.60
chr19	3271600	3271640	-9.70
chr19	3271610	3271650	-10.30
chr19	3271620	3271660	-7.20
chr19	3271630	3271670	-0.90
chr19	3271640	3271680	-2.50
chr19	3271650	3271690	-11.50
chr19	3272920	3272960	-4.90
chr19	3272930	3272970	-0.70
chr19	3272940	3272980	-1.40
chr19	3272950	3272990	-1.40
chr19	3272960	3273000	-0.30
chr19	3272970	3273010	-0.70
chr19	3274060	3274100	-4.90
chr19	3274070	3274110	-2.80
chr19	3274080	3274120	-2.50
chr19	3274090	3274130	-4.40
chr19	3274100	3274140	-3.70
chr19	3274110	3274150	-2.70
chr19	3274390	3274430	-9.20
chr19	3274400	3274440	-13.00
chr19	3274410	3274450	-14.30
chr19	3274420	3274460	-10.80
chr19	3274430	3274470	-7.30
chr19	3274440	3274480	-10.40
chr19	3274450	3274490	-12.50
chr19	3274460	3274500	-9.30
chr19	3274470	3274510	-6.10
chr19	3274480	3274520	-6.10
chr19	3276770	3276810	-12.30
chr19	3276780	3276820	-8.50
chr19	3276790	3276830	-9.30
chr19	3276800	3276840	-12.30
chr19	3276810	3276850	-7.20
chr19	3276820	3276860	-15.30
chr19	3276830	3276870	-6.70
chr19	3276840	3276880	-5.50
chr19	3276850	3276890	-6.70
chr19	3276860	3276900	-11.50
chr19	3277240	3277280	-7.80
chr19	3277250	3277290	-6.90
chr19	3277260	3277300	-7.90
chr19	3277270	3277310	-7.50
chr19	3277280	3277320	-13.10
chr19	3277290	3277330	-11.00
chr19	3279560	3279600	-5.10
chr19	3279570	3279610	-6.30
chr19	3279580	3279620	-11.20
chr19	3279590	3279630	-5.40
chr19	3279600	3279640	-6.50
chr19	3279610	3279650	-8.10
chr19	3279810	3279850	-5.30
chr19	3279820	3279860	-5.00
chr19	3279830	3279870	-3.40
chr19	3279840	3279880	-4.00
chr19	3279850	3279890	-7.70
chr19	3279860	3279900	-10.30
chr19	3279870	3279910	-6.40
chr19	3279880	3279920	-4.40
chr19	3279890	3279930	-3.80
chr19	3279900	3279940	-7.40
chr19	3279910	3279950	-7.20
chr19	3279920	3279960	-12.10
chr19	3279930	3279970	-7.10
chr19	3279940	3279980	-3.60
chr19	3279950	3279990	-1.50
chr19	3279960	3280000	0.00
chr19	3281420	3281460	-7.00
chr19	3281430	3281470	-11.80
chr19	3281440	3281480	-10.80
chr19	3281450	3281490	-8.60
chr19	3281460	3281500	-11.50
chr19	3281470	3281510	-8.40
chr19	3281480	3281520	-15.90
chr19	3281490	3281530	-9.10
chr19	3281500	3281540	-10.50
chr19	3281510	3281550	-5.60
chr19	3281520	3281560	-12.50
chr19	3281530	3281570	-6.90
chr19	3281540	3281580	-7.40
chr19	3281550	3281590	-6.90
chr19	3281720	3281760	-7.50
chr19	3281730	3281770	-5.00
chr19	3281740	3281780	-1.50
chr19	3281750	3281790	-0.90
chr19	3281760	3281800	-2.20
chr19	3281770	3281810	-3.10
chr19	3282160	3282200	-8.30
chr19	3282170	3282210	-12.70
chr19	3282180	3282220	-8.40
chr19	3282190	3282230	-8.50
chr19	3282200	3282240	-7.20
chr19	3282210	3282250	-7.50
chr19	3282460	3282500	-15.00
chr19	3282470	3282510	-10.90
chr19	3282480	3282520	-10.30
chr19	3282490	3282530	-6.80
chr19	3282500	3282540	-7.50
chr19	3282510	3282550	-7.50
chr19	3282610	3282650	-6.00
chr19	3282620	3282660	-7.30
chr19	3282630	3282670	-6.10
chr19	3282640	3282680	-8.90
chr19	3282650	3282690	-5.50
chr19	3282660	3282700	-6.30
chr19	3282670	3282710	-8.30
chr19	3282680	3282720	-6.40
chr19	3282690	3282730	-4.10
chr19	3282700	3282740	-5.60
chr19	3282710	3282750	-10.20
chr19	3282720	3282760	-17.80
chr19	3282730	3282770	-17.80
chr19	3282740	3282780	-6.40
chr19	3282750	3282790	-9.90
chr19	3282760	3282800	-9.20
chr19	3282770	3282810	-8.20
chr19	3282780	3282820	-6.90
chr19	3282790	3282830	-6.60
chr19	3282800	3282840	-8.70
chr19	3282810	3282850	-8.60
chr19	3282820	3282860	-11.30
chr19	3282830	3282870	-12.10
chr19	3282840	3282880	-12.70
chr19	3282850	3282890	-9.90
chr19	3282860	3282900	-6.90
chr19	3282870	3282910	-6.20
chr19	3282880	3282920	-14.90
chr19	3282890	3282930	-17.90
chr19	3282900	3282940	-12.60
chr19	3282910	3282950	-15.30
chr19	3282920	3282960	-10.00
chr19	3282930	3282970	-5.20
chr19	3282940	3282980	-8.60
chr19	3282950	3282990	-4.50
chr19	3282960	3283000	-7.60
chr19	3282970	3283010	-10.40
chr19	3282980	3283020	-4.70
chr19	3282990	3283030	-9.80
chr19	3283000	3283040	-9.30
chr19	3283010	3283050	-9.50
chr19	3283020	3283060	-4.80
chr19	3283030	3283070	-11.20
chr19	3283040	3283080	-11.70
chr19	3283050	3283090	-10.00
chr19	3283060	3283100	-15.00
chr19	3283070	3283110	-20.50
chr19	3283080	3283120	-19.70
chr19	3283090	3283130	-18.70
chr19	3283100	3283140	-17.20
chr19	3283110	3283150	-9.80
chr19	3283120	3283160	-8.60
chr19	3283130	3283170	-7.50
chr19	3283140	3283180	-8.50
chr19	3283350	3283390	-5.20
chr19	3283360	3283400	-8.40
chr19	3283370	3283410	-6.40
chr19	3283380	3283420	-6.70
chr19	3283390	3283430	-6.50
chr19	3283400	3283440	-8.50
chr19	3283510	3283550	-1.60
chr19	3283520	3283560	0.00
chr19	3283530	3283570	-2.40
chr19	3283540	3283580	-5.50
chr19	3283550	3283590	-8.00
chr19	3283560	3283600	-2.40
chr19	3284080	3284120	-5.30
chr19	3284090	3284130	-3.20
chr19	3284100	3284140	-4.10
chr19	3284110	3284150	-3.30
chr19	3284120	3284160	-3.20
chr19	3284130	3284170	-6.50
chr19	3285310	3285350	-2.40
chr19	3285320	3285360	-7.40
chr19	3285330	3285370	-10.90
chr19	3285340	3285380	-10.90
chr19	3285350	3285390	-6.50
chr19	3285360	3285400	-5.10
chr19	3285370	3285410	-2.90
chr19	3285380	3285420	-4.50
chr19	3285390	3285430	-6.00
chr19	3285400	3285440	-12.50
chr19	3285410	3285450	-12.80
chr19	3285420	3285460	-12.70
chr19	3285840	3285880	-12.70
chr19	3285850	3285890	-10.10
chr19	3285860	3285900	-12.30
chr19	3285870	3285910	-6.40
chr19	3285880	3285920	-7.80
chr19	3285890	3285930	-6.70
chr19	3285980	3286020	-8.60
chr19	3285990	3286030	-9.00
chr19	3286000	3286040	-7.30
chr19	3286010	3286050	-8.90
chr19	3286020	3286060	-4.10
chr19	3286030	3286070	-6.10
chr19	3286040	3286080	-10.00
chr19	3286210	3286250	-13.30
chr19	3286220	3286260	-7.80
chr19	3286230	3286270	-7.10
chr19	3286240	3286280	-6.70
chr19	3286250	3286290	-3.30
chr19	3286260	3286300	-12.20
chr19	3286270	3286310	-15.40
chr19	3286280	3286320	-8.40
chr19	3286290	3286330	-3.90
chr19	3286870	3286910	-5.50
chr19	3286880	3286920	-5.50
chr19	3286890	3286930	-12.00
chr19	3286900	3286940	-12.40
chr19	3286910	3286950	-11.70
chr19	3286920	3286960	-8.10
chr19	3286930	3286970	-9.60
chr19	3286940	3286980	-11.50
chr19	3286950	3286990	-5.90
chr19	3286960	3287000	-4.80
chr19	3286970	3287010	-7.10
chr19	3286980	3287020	-6.20
chr19	3286990	3287030	-3.20
chr19	3287000	3287040	-2.50
chr19	3287010	3287050	-6.10
chr19	3287020	3287060	-5.30
chr19	3287030	3287070	-8.00
chr19	3287040	3287080	-9.50
chr19	3287050	3287090	-7.10
chr19	3287120	3287160	-8.80
chr19	3287130	3287170	-11.10
chr19	3287140	3287180	-8.90
chr19	3287150	3287190	-8.90
chr19	3287160	3287200	-1.50
chr19	3287170	3287210	-0.80
chr19	3287350	3287390	-1.20
chr19	3287360	3287400	-4.40
chr19	3287370	3287410	-5.40
chr19	3287380	3287420	-8.50
chr19	3287390	3287430	-9.00
chr19	3287400	3287440	-6.00
chr19	3287410	3287450	-5.90
chr19	3287740	3287780	-5.50
chr19	3287750	3287790	-13.80
chr19	3287760	3287800	-17.70
chr19	3287770	3287810	-21.80
chr19	3287780	3287820	-11.40
chr19	3287790	3287830	-16.60
chr19	3288850	3288890	-13.40
chr19	3288860	3288900	-11.90
chr19	3288870	3288910	-7.90
chr19	3288880	3288920	-8.40
chr19	3288890	3288930	-6.90
chr19	3288900	3288940	-6.90
chr19	3288910	3288950	-3.40
chr19	3288920	3288960	-5.90
chr19	3288930	3288970	-13.50
chr19	3288940	3288980	-10.70
chr19	3288950	3288990	-6.20
chr19	3288960	3289000	-6.50
chr19	3288970	3289010	-6.80
chr19	3288980	3289020	-4.60
chr19	3288990	3289030	-2.10
chr19	3289000	3289040	-5.00
chr19	3289010	3289050	-3.30
chr19	3289020	3289060	-3.80
chr19	3289030	3289070	-2.20
chr19	3289040	3289080	-0.30
chr19	3289150	3289190	-13.10
chr19	3289160	3289200	-19.70
chr19	3289170	3289210	-12.40
chr19	3289180	3289220	-9.70
chr19	3289190	3289230	-9.10
chr19	3289200	3289240	-6.80
chr19	3289210	3289250	-7.10
chr19	3289220	3289260	-6.00
chr19	3289230	3289270	-8.20
chr19	3289360	3289400	-6.90
chr19	3289370	3289410	-7.80
chr19	3289380	3289420	-11.70
chr19	3289390	3289430	-11.70
chr19	3289400	3289440	-13.00
chr19	3289410	3289450	-12.70
chr19	3289420	3289460	-7.30
chr19	3289430	3289470	-2.40
chr19	3289440	3289480	-0.90
chr19	3289450	3289490	-4.80
chr19	3289460	3289500	-7.10
chr19	3289470	3289510	-6.80
chr19	3289480	3289520	-9.20
chr19	3289490	3289530	-10.40
chr19	3289500	3289540	-8.70
chr19	3289510	3289550	-7.40
chr19	3289520	3289560	-6.90
chr19	3289530	3289570	-5.50
chr19	3289540	3289580	-8.80
chr19	3289550	3289590	-15.20
chr19	3289560	3289600	-7.10
chr19	3289570	3289610	-8.80
chr19	3289580	3289620	-11.30
chr19	3289590	3289630	-5.60
chr19	3289600	3289640	-5.10
chr19	3289610	3289650	-3.40
chr19	3289620	3289660	-5.10
chr19	3289630	3289670	-7.20
chr19	3289640	3289680	-10.40
chr19	3289650	3289690	-10.60
chr19	3289660	3289700	-11.40
chr19	3289670	3289710	-11.40
chr19	3289680	3289720	-10.60
chr19	3289690	3289730	-6.90
chr19	3289700	3289740	-6.30
chr19	3289710	3289750	-4.40
chr19	3289720	3289760	-8.10
chr19	3289920	3289960	-5.70
chr19	3289930	3289970	-5.60
chr19	3289940	3289980	-10.60
chr19	3289950	3289990	-13.70
chr19	3289960	3290000	-10.90
chr19	3289970	3290010	-11.20
chr19	3289980	3290020	-10.80
chr19	3289990	3290030	-7.60
chr19	3290000	3290040	-6.70
chr19	3290010	3290050	-5.70
chr19	3290020	3290060	-13.30
chr19	3290030	3290070	-8.90
chr19	3290130	3290170	-1.50
chr19	3290140	3290180	-1.30
chr19	3290150	3290190	-2.70
chr19	3290160	3290200	-6.10
chr19	3290170	3290210	-4.60
chr19	3290180	3290220	-4.70
chr19	3290190	3290230	-5.60
chr19	3290200	3290240	-5.40
chr19	3290210	3290250	-11.10
chr19	3290220	3290260	-13.10
chr19	3290230	3290270	-12.90
chr19	3290240	3290280	-8.80
chr19	3290250	3290290	-9.60
chr19	3290260	3290300	-7.60
chr19	3290270	3290310	-7.20
chr19	3290600	3290640	-4.30
chr19	3290610	3290650	-4.30
chr19	3290620	3290660	-7.60
chr19	3290630	3290670	-8.00
chr19	3290640	3290680	-6.90
chr19	3290650	3290690	-3.90
chr19	3290660	3290700	-3.60
chr19	3290670	3290710	-4.20
chr19	3290680	3290720	-6.40
chr19	3290690	3290730	-9.40
chr19	3290700	3290740	-9.20
chr19	3290710	3290750	-11.80
chr19	3290720	3290760	-7.00
chr19	3290730	3290770	-7.70
chr19	3290740	3290780	-12.80
chr19	3290750	3290790	-10.60
chr19	3290760	3290800	-9.90
chr19	3290770	3290810	-11.60
chr19	3290780	3290820	-11.80
chr19	3290790	3290830	-9.90
chr19	3290800	3290840	-10.90
chr19	3290810	3290850	-8.80
chr19	3290820	3290860	-10.00
chr19	3290830	3290870	-10.00
chr19	3290930	3290970	-7.90
chr19	3290940	3290980	-9.10
chr19	3290950	3290990	-5.20
chr19	3290960	3291000	-5.20
chr19	3290970	3291010	-0.90
chr19	3290980	3291020	-0.50
chr19	3290990	3291030	-1.30
chr19	3291000	3291040	-4.20
chr19	3291010	3291050	-5.50
chr19	3291020	3291060	-7.60
chr19	3291030	3291070	-5.70
chr19	3291040	3291080	-5.20
chr19	3291050	3291090	-2.50
chr19	3291060	3291100	-0.60
chr19	3291070	3291110	-6.90
chr19	3291080	3291120	-13.60
chr19	3291090	3291130	-13.90
chr19	3291100	3291140	-8.60
chr19	3291110	3291150	-6.20
chr19	3291120	3291160	-9.60
chr19	3291130	3291170	-13.60
chr19	3291140	3291180	-3.70
chr19	3291150	3291190	-1.90
chr19	3293130	3293170	-7.70
chr19	3293140	3293180	-5.00
chr19	3293150	3293190	-3.20
chr19	3293160	3293200	-7.80
chr19	3293170	3293210	-8.60
chr19	3293180	3293220	-9.80
chr19	3294500	3294540	-7.00
chr19	3294510	3294550	-1.70
chr19	3294520	3294560	-8.40
chr19	3294530	3294570	-15.10
chr19	3294540	3294580	-13.40
chr19	3294550	3294590	-13.40
chr19	3322200	3322240	-9.20
chr19	3322210	3322250	-5.80
chr19	3322220	3322260	-2.90
chr19	3322230	3322270	-3.10
chr19	3322240	3322280	-3.30
chr19	3322250	3322290	-3.30
chr19	3322330	3322370	-6.70
chr19	3322340	3322380	-9.10
chr19	3322350	3322390	-7.80
chr19	3322360	3322400	-6.40
chr19	3322370	3322410	-7.40
chr19	3322380	3322420	-4.30
chr19	3322390	3322430	-5.00
chr19	3322400	3322440	-9.80
chr19	3322410	3322450	-7.20
chr19	3322420	3322460	-12.10
chr19	3322430	3322470	-11.70
chr19	3322440	3322480	-13.20
chr19	3322450	3322490	-10.80
chr19	3322460	3322500	-11.00
chr19	3322470	3322510	-10.50
chr19	3322480	3322520	-4.30
chr19	3322490	3322530	-1.80
chr19	3322500	3322540	0.00
chr19	3322510	3322550	0.00
chr19	3322520	3322560	-1.60
chr19	3322530	3322570	-2.00
chr19	3322540	3322580	-1.80
chr19	3322550	3322590	-4.90
chr19	3322560	3322600	-7.30
chr19	3322680	3322720	-6.80
chr19	3322690	3322730	-8.20
chr19	3322700	3322740	-4.90
chr19	3322710	3322750	-3.90
chr19	3322720	3322760	-6.90
chr19	3322730	3322770	-6.90
chr19	3322740	3322780	-8.20
chr19	3322750	3322790	-11.00
chr19	3322760	3322800	-7.60
chr19	3322770	3322810	-4.00
chr19	3322780	3322820	-8.80
chr19	3322870	3322910	-1.40
chr19	3322880	3322920	-0.90
chr19	3322890	3322930	0.00
chr19	3322900	3322940	0.00
chr19	3322910	3322950	0.00
chr19	3322920	3322960	0.00
chr19	3322930	3322970	0.00
chr19	3322940	3322980	0.00
chr19	3322950	3322990	-1.90
chr19	3322960	3323000	-1.90
chr19	3322970	3323010	-2.80
chr19	3322980	3323020	-4.70
chr19	3322990	3323030	-4.60
chr19	3323000	3323040	-8.20
chr19	3323010	3323050	-4.60
chr19	3323020	3323060	-7.50
chr19	3323030	3323070	-6.30
chr19	3323040	3323080	-4.30
chr19	3323050	3323090	-6.40
chr19	3323060	3323100	-8.20
chr19	3323070	3323110	-6.40
chr19	3323080	3323120	-8.50
chr19	3323090	3323130	-2.70
chr19	3323150	3323190	-15.40
chr19	3323160	3323200	-8.70
chr19	3323170	3323210	-8.80
chr19	3323180	3323220	-9.50
chr19	3323190	3323230	-5.10
chr19	3323200	3323240	-2.60
chr19	3323210	3323250	-5.50
chr19	3323220	3323260	-4.90
chr19	3323230	3323270	-6.60
chr19	3323240	3323280	-13.50
chr19	3323250	3323290	-15.30
chr19	3323260	3323300	-12.30
chr19	3323270	3323310	-14.60
chr19	3323280	3323320	-15.90
chr19	3323380	3323420	-17.60
chr19	3323390	3323430	-18.20
chr19	3323400	3323440	-16.00
chr19	3323410	3323450	-7.40
chr19	3323420	3323460	-11.80
chr19	3323430	3323470	-8.00
chr19	3323440	3323480	-15.30
chr19	3323450	3323490	-13.00
chr19	3323460	3323500	-14.20
chr19	3323810	3323850	-15.50
chr19	3323820	3323860	-12.00
chr19	3323830	3323870	-6.90
chr19	3323840	3323880	-11.70
chr19	3323850	3323890	-10.80
chr19	3323860	3323900	-8.00
chr19	3323870	3323910	-6.20
chr19	3323880	3323920	-9.60
chr19	3323890	3323930	-14.50
chr19	3323900	3323940	-10.20
chr19	3323910	3323950	-12.10
chr19	3323920	3323960	-8.40
chr19	3323930	3323970	-10.00
chr19	3323940	3323980	-11.10
chr19	3323950	3323990	-7.80
chr19	3324100	3324140	-9.40
chr19	3324110	3324150	-12.60
chr19	3324120	3324160	-17.90
chr19	3324130	3324170	-21.90
chr19	3324140	3324180	-15.10
chr19	3324150	3324190	-8.70
chr19	3324250	3324290	-4.40
chr19	3324260	3324300	-4.20
chr19	3324270	3324310	-4.40
chr19	3324280	3324320	-3.60
chr19	3324290	3324330	-8.20
chr19	3324300	3324340	-8.20
chr19	3324310	3324350	-6.60
chr19	3324320	3324360	-5.00
chr19	3324610	3324650	-8.90
chr19	3324620	3324660	-7.40
chr19	3324630	3324670	-9.70
chr19	3324640	3324680	-10.60
chr19	3324650	3324690	-9.20
chr19	3324660	3324700	-8.70
chr19	3324720	3324760	-10.30
chr19	3324730	3324770	-6.30
chr19	3324740	3324780	-3.60
chr19	3324750	3324790	-2.20
chr19	3324760	3324800	-3.50
chr19	3324770	3324810	-3.50
chr19	3324780	3324820	-3.50
chr19	3324790	3324830	-0.60
chr19	3324800	3324840	0.00
chr19	3324810	3324850	0.00
chr19	3326080	3326120	-6.90
chr19	3326090	3326130	-6.40
chr19	3326100	3326140	-6.60
chr19	3326110	3326150	-8.90
chr19	3326120	3326160	-5.70
chr19	3326130	3326170	-4.70
chr19	3327280	3327320	-13.20
chr19	3327290	3327330	-15.60
chr19	3327300	3327340	-17.00
chr19	3327310	3327350	-17.90
chr19	3327320	3327360	-15.70
chr19	3327330	3327370	-20.00
chr19	3327950	3327990	-9.40
chr19	3327960	3328000	-6.50
chr19	3327970	3328010	-6.70
chr19	3327980	3328020	-5.90
chr19	3327990	3328030	-0.30
chr19	3328000	3328040	-0.30
chr19	3329180	3329220	-10.20
chr19	3329190	3329230	-9.70
chr19	3329200	3329240	-6.30
chr19	3329210	3329250	-7.10
chr19	3329220	3329260	-3.60
chr19	3329230	3329270	-8.30
chr19	3329650	3329690	-7.50
chr19	3329660	3329700	-7.10
chr19	3329670	3329710	-1.50
chr19	3329680	3329720	-2.50
chr19	3329690	3329730	-2.80
chr19	3329700	3329740	-2.80
chr19	3336320	3336360	-6.10
chr19	3336330	3336370	-9.50
chr19	3336340	3336380	-13.50
chr19	3336350	3336390	-10.20
chr19	3336360	3336400	-8.20
chr19	3337760	3337800	-6.30
chr19	3337770	3337810	-3.30
chr19	3337780	3337820	-6.20
chr19	3337790	3337830	-6.10
chr19	3337800	3337840	-10.90
chr19	3337810	3337850	-10.90
chr19	3347880	3347920	-1.90
chr19	3347890	3347930	-1.00
chr19	3347900	3347940	-2.60
chr19	3347910	3347950	-7.90
chr19	3347920	3347960	-8.70
chr19	3347930	3347970	-13.00
chr19	3349100	3349140	-9.20
chr19	3349110	3349150	-5.10
chr19	3349120	3349160	-7.40
chr19	3349130	3349170	-7.50
chr19	3349140	3349180	-6.60
chr19	3349150	3349190	-6.60
chr19	3349160	3349200	-0.80
chr19	3349170	3349210	-6.80
chr19	3349180	3349220	-7.00
chr19	3349190	3349230	-9.70
chr19	3349200	3349240	-11.70
chr19	3349210	3349250	-7.70
chr19	3349220	3349260	-6.10
chr19	3349230	3349270	-3.80
chr19	3349240	3349280	-7.30
chr19	3349250	3349290	-6.40
chr19	3349260	3349300	-2.10
chr19	3349270	3349310	-13.60
chr19	3349280	3349320	-8.00
chr19	3349290	3349330	-8.40
chr19	3349300	3349340	-6.80
chr19	3350360	3350400	-2.10
chr19	3350370	3350410	-4.70
chr19	3350380	3350420	-4.50
chr19	3350390	3350430	-4.60
chr19	3350400	3350440	-5.40
chr19	3350410	3350450	-4.40
chr19	3352480	3352520	-6.00
chr19	3352490	3352530	-6.20
chr19	3352500	3352540	-10.00
chr19	3352510	3352550	-10.90
chr19	3352520	3352560	-9.60
chr19	3352530	3352570	-12.70
chr19	3352540	3352580	-8.90
chr19	3352550	3352590	-7.40
chr19	3352560	3352600	-6.60
chr19	3352570	3352610	-6.20
chr19	3352580	3352620	-10.20
chr19	3352590	3352630	-2.70
chr19	3354900	3354940	-7.70
chr19	3354910	3354950	-9.30
chr19	3354920	3354960	-10.30
chr19	3354930	3354970	-12.30
chr19	3354940	3354980	-8.20
chr19	3354950	3354990	-11.00
chr19	3356310	3356350	-7.30
chr19	3356320	3356360	-8.40
chr19	3356330	3356370	-10.50
chr19	3356340	3356380	-7.00
chr19	3356350	3356390	-9.70
chr19	3356360	3356400	-4.80
chr19	3356370	3356410	-10.60
chr19	3356380	3356420	-7.30
chr19	3356390	3356430	-4.60
chr19	3356400	3356440	-5.20
chr19	3356410	3356450	-5.60
chr19	3356420	3356460	-8.80
chr19	3356430	3356470	-10.50
chr19	3356440	3356480	-7.20
chr19	3356450	3356490	-10.40
chr19	3356460	3356500	-4.70
chr19	3356470	3356510	-7.40
chr19	3356480	3356520	-11.30
chr19	3356490	3356530	-7.70
chr19	3356500	3356540	-13.40
chr19	3356510	3356550	-12.70
chr19	3356710	3356750	-6.90
chr19	3356720	3356760	-6.20
chr19	3356730	3356770	-10.10
chr19	3356740	3356780	-11.10
chr19	3356750	3356790	-10.00
chr19	3356760	3356800	-7.00
chr19	3356770	3356810	-6.90
chr19	3356780	3356820	-6.60
chr19	3356790	3356830	-6.30
chr19	3356800	3356840	-5.10
chr19	3356810	3356850	-2.60
chr19	3356820	3356860	-1.80
chr19	3356830	3356870	-1.80
chr19	3356840	3356880	-6.20
chr19	3356940	3356980	0.00
chr19	3356950	3356990	-4.50
chr19	3356960	3357000	-7.80
chr19	3356970	3357010	-11.60
chr19	3356980	3357020	-8.00
chr19	3356990	3357030	-6.60
chr19	3357090	3357130	-11.90
chr19	3357100	3357140	-11.40
chr19	3357110	3357150	-6.70
chr19	3357120	3357160	-5.10
chr19	3357130	3357170	-4.40
chr19	3357140	3357180	-5.90
chr19	3357520	3357560	-6.80
chr19	3357530	3357570	-1.40
chr19	3357540	3357580	-2.20
chr19	3357550	3357590	-2.20
chr19	3357560	3357600	0.00
chr19	3357570	3357610	-1.70
chr19	3357580	3357620	-3.00
chr19	3357590	3357630	-1.20
chr19	3357600	3357640	-1.50
chr19	3357610	3357650	-1.90
chr19	3357620	3357660	-5.70
chr19	3357630	3357670	-10.00
chr19	3357640	3357680	-9.70
chr19	3357650	3357690	-9.40
chr19	3357660	3357700	-8.20
chr19	3357670	3357710	-5.80
chr19	3357830	3357870	-13.40
chr19	3357840	3357880	-17.20
chr19	3357850	3357890	-14.90
chr19	3357860	3357900	-17.50
chr19	3357870	3357910	-16.80
chr19	3357880	3357920	-11.30
chr19	3358030	3358070	-11.80
chr19	3358040	3358080	-12.90
chr19	3358050	3358090	-14.40
chr19	3358060	3358100	-7.70
chr19	3358070	3358110	-8.70
chr19	3358080	3358120	-2.60
chr19	3358090	3358130	-5.70
chr19	3358100	3358140	-5.30
chr19	3358110	3358150	-6.30
chr19	3358120	3358160	-6.90
chr19	3358130	3358170	-0.60
chr19	3358140	3358180	-3.70
chr19	3358150	3358190	-6.00
chr19	3358160	3358200	-4.80
chr19	3358170	3358210	-8.40
chr19	3358180	3358220	-7.00
chr19	3358190	3358230	-5.40
chr19	3358200	3358240	-3.40
chr19	3358210	3358250	-5.30
chr19	3358220	3358260	-5.50
chr19	3358230	3358270	-4.00
chr19	3358240	3358280	-7.80
chr19	3361060	3361100	-7.10
chr19	3361070	3361110	-11.90
chr19	3361080	3361120	-8.10
chr19	3361090	3361130	-9.30
chr19	3361100	3361140	-4.10
chr19	3361110	3361150	-7.80
chr19	3362080	3362120	-9.20
chr19	3362090	3362130	-10.40
chr19	3362100	3362140	-8.10
chr19	3362110	3362150	-7.80
chr19	3362120	3362160	-4.60
chr19	3362130	3362170	-11.10
chr19	3362140	3362180	-6.60
chr19	3362150	3362190	-5.00
chr19	3362160	3362200	-3.80
chr19	3362170	3362210	-3.20
chr19	3362180	3362220	-7.30
chr19	3362190	3362230	-1.40
chr19	3362200	3362240	-4.20
chr19	3362560	3362600	-8.10
chr19	3362570	3362610	-5.10
chr19	3362580	3362620	-5.40
chr19	3362590	3362630	-6.90
chr19	3362600	3362640	-7.40
chr19	3362610	3362650	-4.60
chr19	3362910	3362950	-2.50
chr19	3362920	3362960	-4.40
chr19	3362930	3362970	-7.60
chr19	3362940	3362980	-5.40
chr19	3362950	3362990	-9.40
chr19	3362960	3363000	-10.10
chr19	3362970	3363010	-12.10
chr19	3362980	3363020	-12.20
chr19	3362990	3363030	-4.20
chr19	3363000	3363040	-7.00
chr19	3363010	3363050	-7.00
chr19	3364620	3364660	-1.10
chr19	3364630	3364670	-5.90
chr19	3364640	3364680	-6.50
chr19	3364650	3364690	-13.20
chr19	3364660	3364700	-7.40
chr19	3364670	3364710	-8.90
chr19	3365250	3365290	-7.70
chr19	3365260	3365300	-7.50
chr19	3365270	3365310	-5.40
chr19	3365280	3365320	-5.30
chr19	3365290	3365330	-2.40
chr19	3365300	3365340	-2.70
chr19	3365670	3365710	-4.40
chr19	3365680	3365720	-4.50
chr19	3365690	3365730	-8.10
chr19	3365700	3365740	-8.10
chr19	3365710	3365750	-6.30
chr19	3365720	3365760	-4.00
chr19	3365730	3365770	-11.40
chr19	3365740	3365780	-8.70
chr19	3365750	3365790	-8.50
chr19	3366320	3366360	-5.80
chr19	3366330	3366370	-5.50
chr19	3366340	3366380	-13.00
chr19	3366350	3366390	-8.10
chr19	3366360	3366400	-8.30
chr19	3366370	3366410	-9.90
chr19	3368600	3368640	-7.30
chr19	3368610	3368650	-9.50
chr19	3368620	3368660	-13.80
chr19	3368630	3368670	-10.40
chr19	3368640	3368680	-7.90
chr19	3368650	3368690	-7.00
chr19	3368850	3368890	-0.90
chr19	3368860	3368900	-7.80
chr19	3368870	3368910	-6.50
chr19	3368880	3368920	-6.50
chr19	3368890	3368930	-6.80
chr19	3368900	3368940	-7.60
chr19	3368910	3368950	-8.50
chr19	3368920	3368960	-12.80
chr19	3368930	3368970	-14.40
chr19	3368940	3368980	-13.80
chr19	3368950	3368990	-11.70
chr19	3368960	3369000	-7.00
chr19	3368970	3369010	-5.00
chr19	3368980	3369020	-6.30
chr19	3368990	3369030	-7.50
chr19	3369000	3369040	-9.40
chr19	3369010	3369050	-7.30
chr19	3369150	3369190	-4.70
chr19	3369160	3369200	-4.70
chr19	3369170	3369210	-1.50
chr19	3369180	3369220	-0.60
chr19	3369190	3369230	-5.10
chr19	3369200	3369240	-3.70
chr19	3370700	3370740	-7.40
chr19	3370710	3370750	-14.80
chr19	3370720	3370760	-7.20
chr19	3370730	3370770	-2.90
chr19	3370740	3370780	-4.60
chr19	3370750	3370790	-5.00
chr19	3370760	3370800	-7.20
chr19	3370770	3370810	-5.90
chr19	3370780	3370820	-4.30
chr19	3370790	3370830	-4.70
chr19	3370800	3370840	-5.50
chr19	3370810	3370850	-6.10
chr19	3370820	3370860	-3.80
chr19	3370830	3370870	-5.10
chr19	3370840	3370880	-5.10
chr19	3370850	3370890	-8.00
chr19	3370860	3370900	-7.60
chr19	3371570	3371610	-5.60
chr19	3371580	3371620	-6.20
chr19	3371590	3371630	-7.40
chr19	3371600	3371640	-0.90
chr19	3371610	3371650	-4.00
chr19	3371620	3371660	-12.30
chr19	3371630	3371670	-13.00
chr19	3371640	3371680	-14.60
chr19	3371760	3371800	-1.60
chr19	3371770	3371810	-2.90
chr19	3371780	3371820	-8.40
chr19	3371790	3371830	-12.30
chr19	3371800	3371840	-3.00
chr19	3371810	3371850	-0.90
chr19	3371820	3371860	0.00
chr19	3371830	3371870	0.00
chr19	3371840	3371880	-1.60
chr19	3371850	3371890	-7.70
chr19	3371860	3371900	-20.30
chr19	3371870	3371910	-7.40
chr19	3371880	3371920	-10.30
chr19	3372190	3372230	-10.50
chr19	3372200	3372240	-4.30
chr19	3372210	3372250	-6.40
chr19	3372220	3372260	-1.90
chr19	3372230	3372270	-5.60
chr19	3372240	3372280	-3.00
chr19	3372750	3372790	-3.50
chr19	3372760	3372800	0.00
chr19	3372770	3372810	-0.80
chr19	3372780	3372820	-0.80
chr19	3372790	3372830	-0.70
chr19	3372800	3372840	-0.70
chr19	3372810	3372850	0.00
chr19	3372820	3372860	-3.50
chr19	3372830	3372870	-1.90
chr19	3372840	3372880	-1.10
chr19	3372850	3372890	0.00
chr19	3372860	3372900	-1.50
chr19	3372870	3372910	-0.10
chr19	3372880	3372920	-0.10
chr19	3372890	3372930	-4.80
chr19	3373550	3373590	-16.30
chr19	3373560	3373600	-15.10
chr19	3373570	3373610	-13.30
chr19	3373580	3373620	-9.60
chr19	3373590	3373630	-6.90
chr19	3373600	3373640	-8.30
chr19	3373610	3373650	-6.60
chr19	3373780	3373820	-3.40
chr19	3373790	3373830	-3.40
chr19	3373800	3373840	-13.70
chr19	3373810	3373850	-7.30
chr19	3373820	3373860	-4.80
chr19	3373830	3373870	-6.00
chr19	3373970	3374010	-8.00
chr19	3373980	3374020	-6.00
chr19	3373990	3374030	-5.70
chr19	3374000	3374040	-8.80
chr19	3374010	3374050	-6.00
chr19	3374020	3374060	-9.60
chr19	3374030	3374070	-7.10
chr19	3374040	3374080	-7.90
chr19	3374050	3374090	-7.90
chr19	3374060	3374100	0.00
chr19	3374070	3374110	-3.00
chr19	3374080	3374120	-3.00
chr19	3374090	3374130	-2.00
chr19	3374100	3374140	-4.10
chr19	3374110	3374150	-1.70
chr19	3374280	3374320	-6.00
chr19	3374290	3374330	-10.00
chr19	3374300	3374340	-9.90
chr19	3374310	3374350	-10.50
chr19	3374320	3374360	-6.60
chr19	3374330	3374370	-5.40
chr19	3374340	3374380	0.00
chr19	3374350	3374390	-6.70
chr19	3374360	3374400	-5.80
chr19	3374370	3374410	-6.30
chr19	3374380	3374420	-5.30
chr19	3374390	3374430	-7.30
chr19	3374530	3374570	-6.80
chr19	3374540	3374580	-4.50
chr19	3374550	3374590	-5.80
chr19	3374560	3374600	-6.20
chr19	3374570	3374610	-8.00
chr19	3374580	3374620	-6.70
chr19	3374640	3374680	-3.00
chr19	3374650	3374690	-3.00
chr19	3374660	3374700	-3.70
chr19	3374670	3374710	-5.00
chr19	3374680	3374720	-14.50
chr19	3374690	3374730	-13.80
chr19	3374700	3374740	-10.10
chr19	3374710	3374750	-6.00
chr19	3374720	3374760	-7.40
chr19	3374970	3375010	-10.10
chr19	3374980	3375020	-14.50
chr19	3374990	3375030	-11.80
chr19	3375000	3375040	-6.80
chr19	3375010	3375050	-9.50
chr19	3375020	3375060	-9.00
chr19	3375030	3375070	-7.60
chr19	3375040	3375080	-4.10
chr19	3375050	3375090	-1.90
chr19	3375060	3375100	-0.10
chr19	3375070	3375110	-0.90
chr19	3375080	3375120	-3.30
chr19	3375090	3375130	-5.30
chr19	3375100	3375140	-8.10
chr19	3375110	3375150	-11.20
chr19	3375120	3375160	-1.80
chr19	3375130	3375170	-1.10
chr19	3375140	3375180	-0.90
chr19	3375150	3375190	0.00
chr19	3375160	3375200	-6.60
chr19	3375170	3375210	-6.60
chr19	3376400	3376440	-6.20
chr19	3376410	3376450	-7.50
chr19	3376420	3376460	-7.20
chr19	3376430	3376470	-10.30
chr19	3376440	3376480	-9.10
chr19	3376450	3376490	-6.60
chr19	3376460	3376500	-3.30
chr19	3376470	3376510	-5.90
chr19	3376480	3376520	-4.40
chr19	3376490	3376530	-8.10
chr19	3376500	3376540	-6.00
chr19	3376510	3376550	-8.20
chr19	3376520	3376560	-7.10
chr19	3376530	3376570	-8.20
chr19	3376540	3376580	-6.60
chr19	3376550	3376590	-5.30
chr19	3377210	3377250	-9.00
chr19	3377220	3377260	-6.60
chr19	3377230	3377270	-3.80
chr19	3377240	3377280	-5.00
chr19	3377250	3377290	-6.60
chr19	3377260	3377300	-6.80
chr19	3378360	3378400	-13.70
chr19	3378370	3378410	-9.90
chr19	3378380	3378420	-9.60
chr19	3378390	3378430	-12.20
chr19	3378400	3378440	-11.30
chr19	3378410	3378450	-11.90
chr19	3378420	3378460	-9.60
chr19	3378430	3378470	-8.60
chr19	3378440	3378480	-10.10
chr19	3378450	3378490	-7.80
chr19	3378460	3378500	-7.60
chr19	3378470	3378510	-7.40
chr19	3378820	3378860	0.00
chr19	3378830	3378870	-0.50
chr19	3379640	3379680	-4.10
chr19	3379650	3379690	-9.10
chr19	3379660	3379700	-4.40
chr19	3379670	3379710	-5.20
chr19	3379680	3379720	-4.40
chr19	3379690	3379730	-5.30
chr19	3379700	3379740	-6.30
chr19	3379710	3379750	-10.40
chr19	3379720	3379760	-14.30
chr19	3379730	3379770	-6.50
chr19	3379740	3379780	-8.40
chr19	3379750	3379790	-5.00
chr19	3379760	3379800	-7.90
chr19	3379770	3379810	-9.00
chr19	3379780	3379820	-6.20
chr19	3379870	3379910	-7.20
chr19	3379880	3379920	-6.70
chr19	3379890	3379930	-7.20
chr19	3379900	3379940	-5.80
chr19	3379910	3379950	-4.50
chr19	3379920	3379960	-5.50
chr19	3380010	3380050	-9.50
chr19	3380020	3380060	-10.50
chr19	3380030	3380070	-9.80
chr19	3380040	3380080	-5.70
chr19	3380050	3380090	-5.70
chr19	3380060	3380100	-16.10
chr19	3380070	3380110	-11.90
chr19	3380080	3380120	-8.20
chr19	3380090	3380130	-6.70
chr19	3380100	3380140	-7.00
chr19	3380110	3380150	-10.20
chr19	3380120	3380160	-4.20
chr19	3380130	3380170	-3.90
chr19	3380140	3380180	-8.70
chr19	3380190	3380230	-6.50
chr19	3380200	3380240	-5.60
chr19	3380210	3380250	-5.10
chr19	3380220	3380260	-3.90
chr19	3380230	3380270	-6.20
chr19	3380240	3380280	-5.60
chr19	3380250	3380290	-9.90
chr19	3380260	3380300	-9.90
chr19	3380270	3380310	-8.80
chr19	3380280	3380320	-6.80
chr19	3380290	3380330	-10.40
chr19	3380300	3380340	-10.80
chr19	3380580	3380620	-7.70
chr19	3380590	3380630	-10.50
chr19	3380600	3380640	-10.70
chr19	3380610	3380650	-10.70
chr19	3380620	3380660	-8.30
chr19	3380630	3380670	-7.70
chr19	3381270	3381310	-6.90
chr19	3381280	3381320	-16.90
chr19	3381290	3381330	-14.80
chr19	3381300	3381340	-9.90
chr19	3381310	3381350	-3.90
chr19	3381320	3381360	-3.10
chr19	3381330	3381370	-2.70
chr19	3381600	3381640	-5.40
chr19	3381610	3381650	-14.40
chr19	3381620	3381660	-9.20
chr19	3381630	3381670	-8.10
chr19	3381640	3381680	-5.80
chr19	3381650	3381690	-5.10
chr19	3381660	3381700	-0.80
chr19	3381670	3381710	-3.40
chr19	3381680	3381720	-10.50
chr19	3381690	3381730	-10.00
chr19	3381750	3381790	-3.70
chr19	3381760	3381800	-2.20
chr19	3381770	3381810	-4.40
chr19	3381780	3381820	-5.20
chr19	3381790	3381830	-5.70
chr19	3381800	3381840	-8.00
chr19	3381920	3381960	-4.90
chr19	3381930	3381970	-7.10
chr19	3381940	3381980	-11.60
chr19	3381950	3381990	-11.60
chr19	3381960	3382000	-8.00
chr19	3381970	3382010	-4.00
chr19	3381980	3382020	0.00
chr19	3381990	3382030	-4.00
chr19	3382140	3382180	-4.00
chr19	3382150	3382190	-1.10
chr19	3382160	3382200	-1.10
chr19	3382170	3382210	-8.30
chr19	3382180	3382220	-8.00
chr19	3382190	3382230	-3.00
chr19	3382320	3382360	-5.70
chr19	3382330	3382370	-4.50
chr19	3382340	3382380	-7.70
chr19	3382350	3382390	-4.30
chr19	3382360	3382400	-1.50
chr19	3382370	3382410	-3.00
chr19	3382420	3382460	-6.00
chr19	3382430	3382470	-10.60
chr19	3382440	3382480	-7.50
chr19	3382450	3382490	-5.80
chr19	3382460	3382500	-13.00
chr19	3382470	3382510	-9.90
chr19	3383450	3383490	-0.40
chr19	3383460	3383500	0.00
chr19	3383470	3383510	-3.50
chr19	3383480	3383520	-4.40
chr19	3383490	3383530	-10.30
chr19	3383500	3383540	-4.90
chr19	3383510	3383550	-6.80
chr19	3383520	3383560	-7.80
chr19	3383590	3383630	-3.20
chr19	3383600	3383640	-4.90
chr19	3383610	3383650	-4.60
chr19	3383620	3383660	-8.50
chr19	3383630	3383670	-7.10
chr19	3383640	3383680	-6.80
chr19	3383650	3383690	-12.30
chr19	3383730	3383770	-3.30
chr19	3383740	3383780	-4.70
chr19	3383750	3383790	-5.30
chr19	3383760	3383800	-4.10
chr19	3383770	3383810	-2.60
chr19	3383780	3383820	-8.30
chr19	3383790	3383830	-7.20
chr19	3383800	3383840	-5.90
chr19	3383810	3383850	-6.50
chr19	3383820	3383860	-4.00
chr19	3383830	3383870	-5.40
chr19	3383840	3383880	-4.50
chr19	3383850	3383890	-2.10
chr19	3383860	3383900	-1.20
chr19	3383870	3383910	-4.70
chr19	3383880	3383920	-5.00
chr19	3383890	3383930	-6.60
chr19	3383900	3383940	-6.60
chr19	3383910	3383950	-5.30
chr19	3383920	3383960	-6.40
chr19	3383930	3383970	-2.60
chr19	3383940	3383980	-2.60
chr19	3383950	3383990	-3.30
chr19	3383960	3384000	-7.60
chr19	3383970	3384010	-6.60
chr19	3383980	3384020	-2.40
chr19	3383990	3384030	-6.80
chr19	3384000	3384040	-2.40
chr19	3384010	3384050	-5.60
chr19	3384020	3384060	-7.70
chr19	3384030	3384070	-6.70
chr19	3384040	3384080	-6.70
chr19	3384050	3384090	-6.70
chr19	3384060	3384100	-6.50
chr19	3384070	3384110	-6.30
chr19	3384080	3384120	-7.10
chr19	3384090	3384130	-10.80
chr19	3384100	3384140	-10.40
chr19	3384110	3384150	-11.00
chr19	3384120	3384160	-6.30
chr19	3384130	3384170	-2.80
chr19	3384140	3384180	-7.60
chr19	3384150	3384190	-9.90
chr19	3384160	3384200	-8.90
chr19	3384170	3384210	-6.10
chr19	3384180	3384220	-7.00
chr19	3384190	3384230	-7.00
chr19	3384200	3384240	-8.10
chr19	3384210	3384250	-8.10
chr19	3384220	3384260	-5.00
chr19	3384230	3384270	-7.70
chr19	3384240	3384280	-9.90
chr19	3384250	3384290	-8.30
chr19	3384260	3384300	-5.60
chr19	3384270	3384310	-1.40
chr19	3384280	3384320	-5.30
chr19	3384290	3384330	-3.10
chr19	3384300	3384340	-8.10
chr19	3384310	3384350	-6.40
chr19	3384320	3384360	-7.10
chr19	3384330	3384370	-6.50
chr19	3384340	3384380	-7.30
chr19	3384350	3384390	-9.10
chr19	3384360	3384400	-13.30
chr19	3384370	3384410	-6.80
chr19	3384380	3384420	-6.80
chr19	3384390	3384430	-5.70
chr19	3384400	3384440	0.00
chr19	3384410	3384450	-5.00
chr19	3384420	3384460	-7.10
chr19	3384430	3384470	-12.10
chr19	3384440	3384480	-11.40
chr19	3384450	3384490	-11.70
chr19	3384460	3384500	-9.00
chr19	3384470	3384510	-9.00
chr19	3384480	3384520	-10.10
chr19	3384490	3384530	-7.80
chr19	3384500	3384540	-15.50
chr19	3384510	3384550	-7.80
chr19	3384520	3384560	-1.10
chr19	3384530	3384570	-4.60
chr19	3384540	3384580	-0.90
chr19	3384550	3384590	-1.70
chr19	3384560	3384600	-7.60
chr19	3384570	3384610	-10.40
chr19	3384580	3384620	-10.40
chr19	3384590	3384630	-11.10
chr19	3384600	3384640	-6.50
chr19	3384610	3384650	-2.10
chr19	3384620	3384660	-0.70
chr19	3384630	3384670	0.00
chr19	3384640	3384680	-2.00
chr19	3384650	3384690	-5.90
chr19	3384660	3384700	-7.30
chr19	3384670	3384710	-15.90
chr19	3384680	3384720	-15.90
chr19	3384690	3384730	-10.80
chr19	3384700	3384740	-8.60
chr19	3384710	3384750	-6.60
chr19	3384720	3384760	-4.60
chr19	3384730	3384770	-8.10
chr19	3384740	3384780	-10.90
chr19	3384750	3384790	-12.60
chr19	3384760	3384800	-11.70
chr19	3384770	3384810	-12.20
chr19	3384780	3384820	-10.40
chr19	3384790	3384830	-18.10
chr19	3384800	3384840	-13.80
chr19	3384810	3384850	-7.70
chr19	3384820	3384860	-5.40
chr19	3384830	3384870	-2.10
chr19	3384840	3384880	-2.10
chr19	3384850	3384890	0.00
chr19	3384860	3384900	-0.60
chr19	3384870	3384910	-6.30
chr19	3384880	3384920	-7.20
chr19	3384890	3384930	-5.60
chr19	3384900	3384940	-7.60
chr19	3384910	3384950	-5.50
chr19	3384920	3384960	-9.30
chr19	3384930	3384970	-9.80
chr19	3384940	3384980	-6.80
chr19	3384950	3384990	-2.80
chr19	3384960	3385000	-3.70
chr19	3384970	3385010	-2.20
chr19	3384980	3385020	0.00
chr19	3384990	3385030	-2.00
chr19	3385000	3385040	-1.70
chr19	3385010	3385050	-5.50
chr19	3385020	3385060	-9.70
chr19	3385030	3385070	-5.30
chr19	3385040	3385080	-5.60
chr19	3385050	3385090	-2.10
chr19	3385060	3385100	-1.20
chr19	3385070	3385110	-1.10
chr19	3385080	3385120	-1.70
chr19	3385090	3385130	-1.70
chr19	3385100	3385140	-1.80
chr19	3385110	3385150	-4.20
chr19	3385120	3385160	-4.20
chr19	3385130	3385170	-3.10
chr19	3385140	3385180	-3.80
chr19	3385150	3385190	-11.20
chr19	3385160	3385200	-6.20
chr19	3385170	3385210	-4.70
chr19	3385180	3385220	-9.20
chr19	3385190	3385230	-9.30
chr19	3385200	3385240	-8.00
chr19	3385210	3385250	-8.30
chr19	3385220	3385260	-3.70
chr19	3385230	3385270	-2.40
chr19	3385240	3385280	-0.90
chr19	3385250	3385290	-1.40
chr19	3385260	3385300	-3.10
chr19	3385270	3385310	-4.10
chr19	3385280	3385320	-2.70
chr19	3385290	3385330	0.00
chr19	3385300	3385340	0.00
chr19	3385310	3385350	-2.20
chr19	3385320	3385360	-2.90
chr19	3385330	3385370	-5.60
chr19	3385340	3385380	-5.50
chr19	3385350	3385390	-7.50
chr19	3385360	3385400	-3.70
chr19	3385370	3385410	-6.00
chr19	3385380	3385420	-4.90
chr19	3385390	3385430	-6.70
chr19	3385400	3385440	-6.20
chr19	3385410	3385450	-3.10
chr19	3385420	3385460	-4.80
chr19	3385430	3385470	-4.80
chr19	3385440	3385480	-11.80
chr19	3385450	3385490	-6.80
chr19	3385460	3385500	-6.80
chr19	3385470	3385510	-2.70
chr19	3385480	3385520	-2.60
chr19	3385490	3385530	-5.50
chr19	3385500	3385540	-5.80
chr19	3385510	3385550	-5.20
chr19	3385520	3385560	-4.70
chr19	3385530	3385570	-1.00
chr19	3385540	3385580	-1.80
chr19	3385550	3385590	-2.90
chr19	3385560	3385600	-4.00
chr19	3385570	3385610	-4.20
chr19	3385580	3385620	-5.20
chr19	3385590	3385630	-5.10
chr19	3385600	3385640	-4.00
chr19	3385610	3385650	-1.40
chr19	3385620	3385660	-4.50
chr19	3385630	3385670	-8.50
chr19	3385640	3385680	-1.60
chr19	3385650	3385690	-6.00
chr19	3385660	3385700	-2.70
chr19	3385670	3385710	-3.80
chr19	3385680	3385720	-1.20
chr19	3385690	3385730	-0.80
chr19	3385700	3385740	0.00
chr19	3385710	3385750	0.00
chr19	3385720	3385760	0.00
chr19	3385730	3385770	0.00
chr19	3385740	3385780	-5.90
chr19	3385750	3385790	-4.80
chr19	3385760	3385800	-9.40
chr19	3385770	3385810	-9.70
chr19	3385780	3385820	-12.00
chr19	3385790	3385830	-11.60
chr19	3385800	3385840	-9.60
chr19	3385810	3385850	-7.70
chr19	3385820	3385860	-8.60
chr19	3385830	3385870	-7.30
chr19	3385840	3385880	-15.40
chr19	3385850	3385890	-12.10
chr19	3385860	3385900	-15.00
chr19	3385870	3385910	-15.80
chr19	3385880	3385920	-11.80
chr19	3385940	3385980	-14.40
chr19	3385950	3385990	-18.00
chr19	3385960	3386000	-12.60
chr19	3385970	3386010	-7.10
chr19	3385980	3386020	-7.40
chr19	3385990	3386030	-7.90
chr19	3386000	3386040	-13.10
chr19	3386090	3386130	-12.10
chr19	3386100	3386140	-8.90
chr19	3386110	3386150	-8.70
chr19	3386120	3386160	-5.20
chr19	3386130	3386170	-5.70
chr19	3386140	3386180	-10.30
chr19	3386200	3386240	-0.90
chr19	3386210	3386250	-2.20
chr19	3386220	3386260	-5.50
chr19	3386230	3386270	-4.70
chr19	3386240	3386280	-6.20
chr19	3386250	3386290	-7.20
chr19	3386260	3386300	-5.00
chr19	3386270	3386310	-6.60
chr19	3386280	3386320	-3.40
chr19	3386290	3386330	-10.10
chr19	3386300	3386340	-7.70
chr19	3386310	3386350	-7.70
chr19	3386320	3386360	-6.30
chr19	3386330	3386370	-6.20
chr19	3386340	3386380	-3.40
chr19	3386350	3386390	-5.30
chr19	3386360	3386400	-5.80
chr19	3386370	3386410	-5.00
chr19	3386380	3386420	-3.20
chr19	3386390	3386430	-10.30
chr19	3386400	3386440	-14.50
chr19	3386410	3386450	-8.50
chr19	3386420	3386460	-5.40
chr19	3386430	3386470	-2.50
chr19	3386440	3386480	-2.30
chr19	3386450	3386490	-8.90
chr19	3386460	3386500	-11.00
chr19	3386470	3386510	-11.00
chr19	3386480	3386520	-2.10
chr19	3386730	3386770	-0.80
chr19	3386740	3386780	-1.70
chr19	3386750	3386790	-5.90
chr19	3386760	3386800	-6.80
chr19	3386770	3386810	-9.20
chr19	3386780	3386820	-4.50
chr19	3386790	3386830	-7.70
chr19	3386800	3386840	-2.30
chr19	3386810	3386850	-5.80
chr19	3386820	3386860	-6.80
chr19	3386830	3386870	-3.40
chr19	3386840	3386880	-6.20
chr19	3386850	3386890	-11.10
chr19	3386860	3386900	-12.90
chr19	3386870	3386910	-8.40
chr19	3386880	3386920	-6.90
chr19	3386890	3386930	-1.00
chr19	3386900	3386940	0.00
chr19	3387130	3387170	-10.10
chr19	3387140	3387180	-6.00
chr19	3387150	3387190	-4.90
chr19	3387160	3387200	-5.10
chr19	3387170	3387210	-4.70
chr19	3387180	3387220	-4.10
chr19	3387190	3387230	-4.40
chr19	3387200	3387240	-5.70
chr19	3387210	3387250	-5.20
chr19	3387220	3387260	-7.50
chr19	3387230	3387270	-6.00
chr19	3387240	3387280	-3.30
chr19	3387250	3387290	-2.80
chr19	3387260	3387300	-5.50
chr19	3387320	3387360	-5.40
chr19	3387330	3387370	-5.90
chr19	3387340	3387380	-5.70
chr19	3387350	3387390	-4.60
chr19	3387360	3387400	-4.60
chr19	3387370	3387410	-8.80
chr19	3387380	3387420	-3.50
chr19	3387390	3387430	-3.50
chr19	3387400	3387440	-2.20
chr19	3387410	3387450	-4.90
chr19	3387420	3387460	-6.70
chr19	3387430	3387470	-5.60
chr19	3387530	3387570	-1.10
chr19	3387540	3387580	-6.30
chr19	3387550	3387590	-10.30
chr19	3387560	3387600	-4.80
chr19	3387570	3387610	-9.80
chr19	3387580	3387620	-5.10
chr19	3387590	3387630	-8.00
chr19	3387600	3387640	-2.30
chr19	3387610	3387650	-1.40
chr19	3387620	3387660	-8.20
chr19	3387630	3387670	-0.20
chr19	3387640	3387680	-6.90
chr19	3387650	3387690	-5.30
chr19	3387660	3387700	0.00
chr19	3387670	3387710	0.00
chr19	3387680	3387720	-4.60
chr19	3387850	3387890	-5.40
chr19	3387860	3387900	-8.60
chr19	3387870	3387910	-12.00
chr19	3387880	3387920	-8.50
chr19	3387890	3387930	-3.30
chr19	3387900	3387940	-3.10
chr19	3387910	3387950	-1.40
chr19	3387920	3387960	-3.30
chr19	3387930	3387970	-4.90
chr19	3387940	3387980	-5.30
chr19	3388870	3388910	-10.40
chr19	3388880	3388920	-13.70
chr19	3388890	3388930	-12.50
chr19	3388900	3388940	-12.70
chr19	3388910	3388950	-13.00
chr19	3388920	3388960	-11.90
chr19	3388970	3389010	-10.20
chr19	3388980	3389020	-14.20
chr19	3388990	3389030	-12.20
chr19	3389000	3389040	-10.30
chr19	3389010	3389050	-16.30
chr19	3389020	3389060	-13.60
chr19	3389030	3389070	-17.00
chr19	3389040	3389080	-13.70
chr19	3389050	3389090	-13.90
chr19	3389060	3389100	-18.30
chr19	3389070	3389110	-10.50
chr19	3389180	3389220	-14.20
chr19	3389190	3389230	-13.70
chr19	3389200	3389240	-7.10
chr19	3389210	3389250	-2.40
chr19	3389220	3389260	-7.90
chr19	3389230	3389270	-4.40
chr19	3390250	3390290	-10.90
chr19	3390260	3390300	-10.00
chr19	3390270	3390310	-5.70
chr19	3390280	3390320	-4.70
chr19	3390290	3390330	-3.90
chr19	3390300	3390340	-12.90
chr19	3393940	3393980	-14.70
chr19	3393950	3393990	-8.40
chr19	3393960	3394000	-11.60
chr19	3393970	3394010	-13.10
chr19	3393980	3394020	-12.90
chr19	3393990	3394030	-9.70
chr19	3400670	3400710	-16.30
chr19	3400680	3400720	-6.90
chr19	3400690	3400730	-7.50
chr19	3400700	3400740	-5.40
chr19	3400710	3400750	-3.90
chr19	3400720	3400760	-4.40
chr19	3404950	3404990	-5.30
chr19	3404960	3405000	-3.40
chr19	3404970	3405010	0.00
chr19	3404980	3405020	-3.60
chr19	3404990	3405030	-3.60
chr19	3405000	3405040	-6.50
chr19	3406700	3406740	-4.40
chr19	3406710	3406750	-11.70
chr19	3406720	3406760	-12.60
chr19	3406730	3406770	-16.60
chr19	3406740	3406780	-16.40
chr19	3406750	3406790	-4.60
chr19	3409940	3409980	0.00
chr19	3409950	3409990	0.00
chr19	3409960	3410000	-1.60
chr19	3409970	3410010	-1.60
chr19	3409980	3410020	-6.50
chr19	3409990	3410030	-1.40
chr19	3410000	3410040	-6.90
chr19	3410010	3410050	-7.00
chr19	3410020	3410060	-7.00
chr19	3410030	3410070	-1.80
chr19	3410040	3410080	-4.90
chr19	3410050	3410090	-4.90
chr19	3410060	3410100	-7.10
chr19	3410070	3410110	-5.20
chr19	3410080	3410120	-9.60
chr19	3410090	3410130	-11.50
chr19	3410100	3410140	-13.30
chr19	3410110	3410150	-9.70
chr19	3410160	3410200	-4.80
chr19	3410170	3410210	-0.40
chr19	3410180	3410220	-4.70
chr19	3410190	3410230	-2.10
chr19	3410200	3410240	-7.90
chr19	3410210	3410250	-12.20
chr19	3410390	3410430	-6.80
chr19	3410400	3410440	-7.40
chr19	3410410	3410450	-14.30
chr19	3410420	3410460	-18.30
chr19	3410430	3410470	-14.90
chr19	3410440	3410480	-9.30
chr19	3410450	3410490	-8.50
chr19	3410460	3410500	-7.30
chr19	3410470	3410510	-8.20
chr19	3410480	3410520	-8.20
chr19	3410490	3410530	-1.80
chr19	3410500	3410540	-2.40
chr19	3410510	3410550	-3.70
chr19	3410610	3410650	-10.30
chr19	3410620	3410660	-8.50
chr19	3410630	3410670	-11.50
chr19	3410640	3410680	-9.70
chr19	3410650	3410690	-10.60
chr19	3410660	3410700	-5.00
chr19	3410980	3411020	-7.00
chr19	3410990	3411030	-6.70
chr19	3411000	3411040	-6.50
chr19	3411010	3411050	-5.90
chr19	3411020	3411060	-9.90
chr19	3411030	3411070	-6.40
chr19	3411040	3411080	-2.80
chr19	3411050	3411090	-6.10
chr19	3411060	3411100	-6.60
chr19	3411070	3411110	-4.60
chr19	3411430	3411470	-10.80
chr19	3411440	3411480	-11.60
chr19	3411450	3411490	-6.60
chr19	3411460	3411500	-9.40
chr19	3411470	3411510	-11.20
chr19	3411480	3411520	-9.90
chr19	3411490	3411530	-12.90
chr19	3411500	3411540	-11.10
chr19	3411510	3411550	-16.30
chr19	3411520	3411560	-4.90
chr19	3411530	3411570	-11.40
chr19	3411540	3411580	-11.40
chr19	3411550	3411590	-3.80
chr19	3411620	3411660	-6.60
chr19	3411630	3411670	-7.80
chr19	3411640	3411680	-10.70
chr19	3411650	3411690	-8.20
chr19	3411660	3411700	-4.10
chr19	3411670	3411710	-4.20
chr19	3411680	3411720	-7.10
chr19	3411690	3411730	-9.30
chr19	3411700	3411740	-16.20
chr19	3411710	3411750	-9.30
chr19	3411720	3411760	-10.90
chr19	3411730	3411770	-3.30
chr19	3411740	3411780	-3.20
chr19	3411750	3411790	-7.90
chr19	3411760	3411800	-8.00
chr19	3411770	3411810	-7.10
chr19	3411780	3411820	-6.40
chr19	3411790	3411830	-4.70
chr19	3411910	3411950	-9.20
chr19	3411920	3411960	-7.00
chr19	3411930	3411970	-6.20
chr19	3411940	3411980	-6.30
chr19	3411950	3411990	-4.50
chr19	3411960	3412000	-2.50
chr19	3412200	3412240	-3.50
chr19	3412210	3412250	-3.50
chr19	3412220	3412260	0.00
chr19	3412230	3412270	0.00
chr19	3412240	3412280	0.00
chr19	3412330	3412370	-17.20
chr19	3412340	3412380	-10.60
chr19	3412350	3412390	-4.10
chr19	3412360	3412400	-5.40
chr19	3412370	3412410	-4.30
chr19	3412380	3412420	-14.00
chr19	3412390	3412430	-10.20
chr19	3412400	3412440	-10.20
chr19	3412670	3412710	-2.80
chr19	3412680	3412720	-5.90
chr19	3412690	3412730	-4.10
chr19	3412700	3412740	-10.30
chr19	3412710	3412750	-14.30
chr19	3412720	3412760	-10.70
chr19	3412860	3412900	-10.10
chr19	3412870	3412910	-10.00
chr19	3412880	3412920	-10.00
chr19	3412890	3412930	-10.30
chr19	3412900	3412940	-4.50
chr19	3412910	3412950	-3.00
chr19	3412920	3412960	-2.30
chr19	3412930	3412970	-3.10
chr19	3412940	3412980	-5.60
chr19	3412950	3412990	-7.00
chr19	3412960	3413000	-8.60
chr19	3412970	3413010	-8.00
chr19	3412980	3413020	-9.50
chr19	3412990	3413030	-8.70
chr19	3413000	3413040	-8.60
chr19	3413010	3413050	-9.80
chr19	3413020	3413060	-14.60
chr19	3413030	3413070	-8.50
chr19	3413110	3413150	-1.30
chr19	3413120	3413160	-3.10
chr19	3413130	3413170	-4.70
chr19	3413140	3413180	-4.70
chr19	3413150	3413190	-3.30
chr19	3413160	3413200	-2.00
chr19	3413170	3413210	-3.60
chr19	3413180	3413220	-7.70
chr19	3413570	3413610	-4.20
chr19	3413580	3413620	-6.50
chr19	3413590	3413630	-15.10
chr19	3413600	3413640	-10.90
chr19	3413610	3413650	-11.90
chr19	3413620	3413660	-13.40
chr19	3413630	3413670	-6.20
chr19	3414010	3414050	-0.50
chr19	3414020	3414060	-8.70
chr19	3414030	3414070	-7.80
chr19	3414040	3414080	-7.60
chr19	3414050	3414090	-9.20
chr19	3414060	3414100	-5.50
chr19	3414310	3414350	-11.20
chr19	3414320	3414360	-8.40
chr19	3414330	3414370	-10.80
chr19	3414340	3414380	-7.20
chr19	3414350	3414390	-9.70
chr19	3414360	3414400	-9.60
chr19	3414370	3414410	-9.80
chr19	3414380	3414420	-12.10
chr19	3414390	3414430	-12.40
chr19	3414400	3414440	-13.40
chr19	3414410	3414450	-10.60
chr19	3414420	3414460	-13.10
chr19	3438090	3438130	-8.90
chr19	3438100	3438140	-7.20
chr19	3438110	3438150	-5.80
chr19	3438120	3438160	-10.30
chr19	3438130	3438170	-14.30
chr19	3438140	3438180	-9.90
chr19	3441360	3441400	-12.30
chr19	3441370	3441410	-12.30
chr19	3441380	3441420	-6.40
chr19	3441390	3441430	-11.20
chr19	3441400	3441440	-17.80
chr19	3441410	3441450	-16.50
chr19	3442140	3442180	-4.50
chr19	3442150	3442190	-2.70
chr19	3442160	3442200	-5.60
chr19	3442170	3442210	-6.00
chr19	3442180	3442220	-6.00
chr19	3442190	3442230	-5.50
chr19	3451020	3451060	-9.00
chr19	3451030	3451070	-8.50
chr19	3451040	3451080	-6.40
chr19	3451050	3451090	-2.00
chr19	3451060	3451100	-2.00
chr19	3451070	3451110	-1.30
chr19	3451330	3451370	-3.80
chr19	3451340	3451380	-2.10
chr19	3451350	3451390	-3.60
chr19	3451360	3451400	-2.90
chr19	3451370	3451410	-10.20
chr19	3451380	3451420	-4.60
chr19	3451390	3451430	-4.60
chr19	3453120	3453160	-5.50
chr19	3453130	3453170	-3.10
chr19	3453140	3453180	-13.90
chr19	3453150	3453190	-14.30
chr19	3453160	3453200	-10.30
chr19	3453170	3453210	-6.30
chr19	3454540	3454580	-3.40
chr19	3454550	3454590	-7.20
chr19	3454560	3454600	-11.30
chr19	3454570	3454610	-5.30
chr19	3454580	3454620	-1.60
chr19	3454590	3454630	-1.60
chr19	3454600	3454640	-6.20
chr19	3454610	3454650	-1.90
chr19	3454620	3454660	-7.00
chr19	3454630	3454670	-15.50
chr19	3454640	3454680	-12.30
chr19	3454650	3454690	-3.70
chr19	3454660	3454700	-5.90
chr19	3454670	3454710	-4.40
chr19	3454680	3454720	-7.30
chr19	3454980	3455020	-5.80
chr19	3454990	3455030	-2.60
chr19	3455000	3455040	-1.90
chr19	3455010	3455050	-1.90
chr19	3455020	3455060	-1.60
chr19	3455030	3455070	-4.50
chr19	3455040	3455080	-5.50
chr19	3455050	3455090	-3.60
chr19	3455060	3455100	-3.40
chr19	3455070	3455110	0.00
chr19	3455080	3455120	0.00
chr19	3455090	3455130	-2.90
chr19	3455100	3455140	-0.40
chr19	3455110	3455150	-0.40
chr19	3455120	3455160	-0.20
chr19	3455130	3455170	-1.90
chr19	3455140	3455180	-2.70
chr19	3455150	3455190	-7.10
chr19	3455160	3455200	-9.20
chr19	3455170	3455210	-8.00
chr19	3455180	3455220	-9.80
chr19	3455190	3455230	-5.70
chr19	3455200	3455240	-16.50
chr19	3455210	3455250	-9.00
chr19	3455220	3455260	-10.80
chr19	3455230	3455270	-17.10
chr19	3455240	3455280	-15.00
chr19	3455250	3455290	-12.00
chr19	3455260	3455300	-5.70
chr19	3455270	3455310	-8.20
chr19	3455280	3455320	-6.80
chr19	3455290	3455330	-6.50
chr19	3455300	3455340	-8.40
chr19	3455310	3455350	-7.80
chr19	3455320	3455360	-6.60
chr19	3455330	3455370	-4.60
chr19	3455340	3455380	-7.70
chr19	3455350	3455390	-10.20
chr19	3455360	3455400	-13.20
chr19	3455370	3455410	-11.30
chr19	3455380	3455420	-7.80
chr19	3455390	3455430	-11.40
chr19	3455400	3455440	-11.30
chr19	3455410	3455450	-8.20
chr19	3455420	3455460	-11.20
chr19	3455430	3455470	-13.40
chr19	3455440	3455480	-7.50
chr19	3455450	3455490	-8.50
chr19	3455460	3455500	-8.10
chr19	3455470	3455510	-16.40
chr19	3455480	3455520	-17.90
chr19	3455490	3455530	-13.40
chr19	3455500	3455540	-21.50
chr19	3455510	3455550	-14.80
chr19	3455520	3455560	-14.80
chr19	3455530	3455570	-7.60
chr19	3455540	3455580	-7.90
chr19	3455550	3455590	-5.20
chr19	3455560	3455600	-7.10
chr19	3455570	3455610	-6.60
chr19	3455580	3455620	-4.50
chr19	3455590	3455630	-2.40
chr19	3455600	3455640	-7.70
chr19	3455610	3455650	-7.70
chr19	3455620	3455660	-5.20
chr19	3455630	3455670	-6.00
chr19	3455640	3455680	-3.50
chr19	3455650	3455690	-3.50
chr19	3455660	3455700	-2.10
chr19	3455670	3455710	-4.50
chr19	3455680	3455720	-0.70
chr19	3455690	3455730	-0.90
chr19	3455700	3455740	-1.90
chr19	3455710	3455750	-4.40
chr19	3455720	3455760	-2.30
chr19	3455730	3455770	-1.10
chr19	3455740	3455780	-3.40
chr19	3455750	3455790	-5.60
chr19	3455760	3455800	-7.20
chr19	3455770	3455810	-9.70
chr19	3455780	3455820	-10.40
chr19	3455790	3455830	-8.60
chr19	3455800	3455840	-7.40
chr19	3455810	3455850	-10.20
chr19	3455820	3455860	-9.20
chr19	3455830	3455870	-6.80
chr19	3455840	3455880	-7.30
chr19	3455850	3455890	-3.80
chr19	3455860	3455900	-3.80
chr19	3455870	3455910	0.00
chr19	3455880	3455920	0.00
chr19	3455890	3455930	0.00
chr19	3455900	3455940	0.00
chr19	3455910	3455950	-0.30
chr19	3455920	3455960	-7.60
chr19	3455930	3455970	-5.10
chr19	3455940	3455980	-6.60
chr19	3455950	3455990	-4.00
chr19	3455960	3456000	-3.60
chr19	3455970	3456010	-4.90
chr19	3455980	3456020	-9.40
chr19	3455990	3456030	-10.90
chr19	3456000	3456040	-11.50
chr19	3456010	3456050	-10.00
chr19	3456020	3456060	-7.30
chr19	3456030	3456070	-8.50
chr19	3456040	3456080	-3.30
chr19	3456050	3456090	-4.40
chr19	3456060	3456100	-8.10
chr19	3456070	3456110	-14.00
chr19	3456080	3456120	-11.80
chr19	3456090	3456130	-10.40
chr19	3456100	3456140	-7.40
chr19	3456110	3456150	-4.30
chr19	3456120	3456160	-6.00
chr19	3456130	3456170	-6.50
chr19	3456140	3456180	-5.30
chr19	3456150	3456190	-2.30
chr19	3456160	3456200	-2.60
chr19	3456170	3456210	-1.10
chr19	3456180	3456220	0.00
chr19	3456190	3456230	0.00
chr19	3456200	3456240	0.00
chr19	3456210	3456250	0.00
chr19	3456220	3456260	-0.20
chr19	3456230	3456270	-2.00
chr19	3456240	3456280	-4.30
chr19	3456250	3456290	-2.80
chr19	3456260	3456300	-8.20
chr19	3456270	3456310	-2.40
chr19	3456280	3456320	-2.30
chr19	3456290	3456330	-2.30
chr19	3456300	3456340	-0.60
chr19	3456310	3456350	-0.50
chr19	3456320	3456360	-2.50
chr19	3456330	3456370	-2.50
chr19	3456340	3456380	-1.10
chr19	3456350	3456390	-0.90
chr19	3456360	3456400	-0.80
chr19	3456370	3456410	-2.30
chr19	3456380	3456420	-2.30
chr19	3456390	3456430	-1.30
chr19	3456400	3456440	-1.50
chr19	3456410	3456450	-1.80
chr19	3456420	3456460	-3.00
chr19	3456430	3456470	-2.80
chr19	3456440	3456480	-2.10
chr19	3456450	3456490	-1.60
chr19	3456460	3456500	-1.30
chr19	3456470	3456510	-0.40
chr19	3456480	3456520	-3.20
chr19	3456490	3456530	-0.90
chr19	3456500	3456540	-4.30
chr19	3456510	3456550	-9.70
chr19	3456520	3456560	-7.00
chr19	3456530	3456570	-3.00
chr19	3456540	3456580	-2.20
chr19	3456550	3456590	-2.10
chr19	3456560	3456600	-6.20
chr19	3456570	3456610	-4.90
chr19	3456580	3456620	-5.10
chr19	3456590	3456630	-1.50
chr19	3456600	3456640	-1.50
chr19	3456610	3456650	-2.90
chr19	3456620	3456660	-2.40
chr19	3456630	3456670	-2.50
chr19	3456640	3456680	-1.70
chr19	3456650	3456690	-1.70
chr19	3456660	3456700	-1.50
chr19	3456670	3456710	0.00
chr19	3456680	3456720	-0.30
chr19	3456690	3456730	-5.80
chr19	3456700	3456740	-5.80
chr19	3456710	3456750	-5.10
chr19	3456720	3456760	-10.60
chr19	3456730	3456770	-6.50
chr19	3456740	3456780	-4.90
chr19	3456750	3456790	-1.80
chr19	3456760	3456800	0.00
chr19	3456770	3456810	-2.20
chr19	3456780	3456820	-3.10
chr19	3456790	3456830	-3.00
chr19	3456800	3456840	-1.70
chr19	3456810	3456850	-6.80
chr19	3456820	3456860	-4.50
chr19	3456830	3456870	-4.60
chr19	3456840	3456880	-3.10
chr19	3456850	3456890	-7.50
chr19	3456860	3456900	-6.00
chr19	3456870	3456910	-11.10
chr19	3456880	3456920	-7.70
chr19	3456890	3456930	-9.80
chr19	3456900	3456940	-11.00
chr19	3456910	3456950	-15.80
chr19	3456920	3456960	-13.10
chr19	3456930	3456970	-13.50
chr19	3456940	3456980	-10.20
chr19	3456950	3456990	-9.00
chr19	3456960	3457000	-6.10
chr19	3456970	3457010	-3.90
chr19	3456980	3457020	-5.20
chr19	3456990	3457030	-8.90
chr19	3457000	3457040	-7.70
chr19	3457010	3457050	-12.80
chr19	3457020	3457060	-9.20
chr19	3457150	3457190	-6.40
chr19	3457160	3457200	-3.40
chr19	3457170	3457210	-6.00
chr19	3457180	3457220	-3.10
chr19	3457190	3457230	-7.60
chr19	3457250	3457290	-9.00
chr19	3457260	3457300	-7.40
chr19	3457270	3457310	-6.90
chr19	3457280	3457320	-2.20
chr19	3457290	3457330	-1.90
chr19	3457300	3457340	-4.50
chr19	3457400	3457440	-3.70
chr19	3457410	3457450	-3.70
chr19	3457420	3457460	-6.70
chr19	3457430	3457470	-7.20
chr19	3457440	3457480	-7.80
chr19	3457450	3457490	-10.40
chr19	3457460	3457500	-9.00
chr19	3457470	3457510	-5.10
chr19	3457480	3457520	-14.20
chr19	3457490	3457530	-8.00
chr19	3457500	3457540	-7.40
chr19	3457510	3457550	-3.70
chr19	3457520	3457560	-3.70
chr19	3457720	3457760	-3.60
chr19	3457730	3457770	-5.90
chr19	3457740	3457780	-4.50
chr19	3457750	3457790	-10.00
chr19	3457760	3457800	-10.80
chr19	3457770	3457810	-3.90
chr19	3457950	3457990	-7.50
chr19	3457960	3458000	-0.20
chr19	3457970	3458010	-0.80
chr19	3457980	3458020	-1.60
chr19	3457990	3458030	-2.10
chr19	3458000	3458040	-6.50
chr19	3458010	3458050	-9.10
chr19	3458020	3458060	-10.50
chr19	3458030	3458070	-16.60
chr19	3458040	3458080	-15.90
chr19	3458050	3458090	-19.10
chr19	3458060	3458100	-12.40
chr19	3458070	3458110	-10.30
chr19	3458080	3458120	-5.60
chr19	3458090	3458130	-12.80
chr19	3458100	3458140	-12.60
chr19	3458110	3458150	-3.70
chr19	3458120	3458160	-3.50
chr19	3458130	3458170	-1.20
chr19	3458140	3458180	-3.70
chr19	3458150	3458190	-3.70
chr19	3458160	3458200	-4.40
chr19	3458170	3458210	-2.30
chr19	3458180	3458220	-1.70
chr19	3458190	3458230	-2.80
chr19	3458200	3458240	-3.40
chr19	3458210	3458250	-3.30
chr19	3458220	3458260	-3.30
chr19	3458230	3458270	-5.80
chr19	3458240	3458280	-5.80
chr19	3458360	3458400	-0.10
chr19	3458370	3458410	-3.50
chr19	3458380	3458420	-5.70
chr19	3458390	3458430	-8.40
chr19	3458400	3458440	-7.00
chr19	3458410	3458450	-5.80
chr19	3459030	3459070	-6.40
chr19	3459040	3459080	-5.80
chr19	3459050	3459090	-6.20
chr19	3459060	3459100	-3.70
chr19	3459070	3459110	-4.80
chr19	3459080	3459120	-5.70
chr19	3459200	3459240	-6.90
chr19	3459210	3459250	-19.30
chr19	3459220	3459260	-10.30
chr19	3459230	3459270	-9.80
chr19	3459240	3459280	-10.80
chr19	3459250	3459290	-5.90
chr19	3459350	3459390	-9.00
chr19	3459360	3459400	-10.60
chr19	3459370	3459410	-8.60
chr19	3459380	3459420	-19.70
chr19	3459390	3459430	-9.60
chr19	3459400	3459440	-7.70
chr19	3459410	3459450	-8.10
chr19	3459420	3459460	-7.10
chr19	3459430	3459470	-8.40
chr19	3459520	3459560	-7.00
chr19	3459530	3459570	-10.00
chr19	3459540	3459580	-6.50
chr19	3459550	3459590	-10.00
chr19	3459560	3459600	-10.30
chr19	3459570	3459610	-11.80
chr19	3459580	3459620	-12.60
chr19	3459590	3459630	-9.40
chr19	3459600	3459640	-5.50
chr19	3459610	3459650	-2.10
chr19	3459620	3459660	-4.00
chr19	3459630	3459670	-3.20
chr19	3459640	3459680	-4.40
chr19	3459710	3459750	-5.00
chr19	3459720	3459760	-5.80
chr19	3459730	3459770	-6.10
chr19	3459740	3459780	-9.10
chr19	3459750	3459790	-7.10
chr19	3459760	3459800	-3.50
chr19	3460010	3460050	-4.60
chr19	3460020	3460060	-2.40
chr19	3460030	3460070	-5.80
chr19	3460040	3460080	-4.40
chr19	3460050	3460090	-4.20
chr19	3460060	3460100	-4.80
chr19	3460720	3460760	0.00
chr19	3460730	3460770	0.00
chr19	3460740	3460780	0.00
chr19	3460750	3460790	-1.50
chr19	3460760	3460800	-2.80
chr19	3460770	3460810	-2.80
chr19	3460990	3461030	-9.50
chr19	3461000	3461040	-11.90
chr19	3461010	3461050	-6.50
chr19	3461020	3461060	-8.70
chr19	3461030	3461070	-8.80
chr19	3461040	3461080	-6.20
chr19	3461050	3461090	-7.00
chr19	3461060	3461100	-9.00
chr19	3461070	3461110	-9.70
chr19	3461080	3461120	-9.40
chr19	3461090	3461130	-5.00
chr19	3461100	3461140	-3.50
chr19	3461110	3461150	-2.10
chr19	3461190	3461230	-10.40
chr19	3461200	3461240	-9.70
chr19	3461210	3461250	-8.80
chr19	3461220	3461260	-8.80
chr19	3461230	3461270	-5.90
chr19	3461240	3461280	-10.00
chr19	3461910	3461950	-9.80
chr19	3461920	3461960	-7.30
chr19	3461930	3461970	-5.90
chr19	3461940	3461980	-5.30
chr19	3461950	3461990	-6.00
chr19	3461960	3462000	-8.10
chr19	3461970	3462010	-16.50
chr19	3462220	3462260	-5.80
chr19	3462230	3462270	-5.70
chr19	3462240	3462280	-4.60
chr19	3462250	3462290	-4.80
chr19	3462260	3462300	-1.10
chr19	3462270	3462310	-4.80
chr19	3462280	3462320	-3.90
chr19	3462290	3462330	-4.60
chr19	3462300	3462340	-7.00
chr19	3463140	3463180	-1.30
chr19	3463150	3463190	-1.10
chr19	3463160	3463200	-0.30
chr19	3463170	3463210	-2.70
chr19	3463180	3463220	-10.60
chr19	3463190	3463230	-5.60
chr19	3463200	3463240	-5.50
chr19	3463210	3463250	-11.30
chr19	3463220	3463260	-8.80
chr19	3463230	3463270	-2.70
chr19	3463240	3463280	-3.90
chr19	3463250	3463290	-3.40
chr19	3463260	3463300	-2.80
chr19	3463270	3463310	-2.40
chr19	3463280	3463320	-5.80
chr19	3463290	3463330	-4.10
chr19	3463300	3463340	-8.00
chr19	3463310	3463350	-7.50
chr19	3463320	3463360	-1.30
chr19	3463330	3463370	-3.50
chr19	3463340	3463380	-1.10
chr19	3463350	3463390	-0.80
chr19	3463360	3463400	-2.40
chr19	3463370	3463410	-2.40
chr19	3463940	3463980	-2.70
chr19	3463950	3463990	-2.70
chr19	3463960	3464000	-8.10
chr19	3463970	3464010	-2.00
chr19	3463980	3464020	-5.50
chr19	3463990	3464030	-8.10
chr19	3464240	3464280	-6.80
chr19	3464250	3464290	-8.20
chr19	3464260	3464300	-6.10
chr19	3464270	3464310	-11.10
chr19	3464280	3464320	-9.80
chr19	3464290	3464330	-8.30
chr19	3464460	3464500	-5.60
chr19	3464470	3464510	-7.90
chr19	3464480	3464520	-7.70
chr19	3464490	3464530	-5.80
chr19	3464500	3464540	-7.70
chr19	3464510	3464550	-6.40
chr19	3464520	3464560	-6.60
chr19	3464530	3464570	-6.70
chr19	3464540	3464580	-5.40
chr19	3464550	3464590	-9.70
chr19	3464560	3464600	-9.80
chr19	3464570	3464610	-11.50
chr19	3464580	3464620	-8.20
chr19	3464590	3464630	-2.80
chr19	3464600	3464640	-2.90
chr19	3464610	3464650	-3.30
chr19	3464620	3464660	-2.40
chr19	3464630	3464670	-3.20
chr19	3464640	3464680	-4.50
chr19	3464650	3464690	-7.20
chr19	3465410	3465450	-7.10
chr19	3465420	3465460	-2.70
chr19	3465430	3465470	-5.10
chr19	3465440	3465480	-6.90
chr19	3465450	3465490	-6.90
chr19	3465460	3465500	-4.20
chr19	3465760	3465800	-1.20
chr19	3465770	3465810	-2.50
chr19	3465780	3465820	-3.70
chr19	3465790	3465830	-3.50
chr19	3465800	3465840	-2.00
chr19	3465810	3465850	-1.90
chr19	3466200	3466240	-3.50
chr19	3466210	3466250	-4.00
chr19	3466220	3466260	-4.50
chr19	3466230	3466270	-7.10
chr19	3466240	3466280	-7.10
chr19	3466250	3466290	0.00
chr19	3466370	3466410	-6.90
chr19	3466380	3466420	-2.30
chr19	3466390	3466430	-1.90
chr19	3466400	3466440	-4.30
chr19	3466410	3466450	-5.10
chr19	3466420	3466460	-7.20
chr19	3466480	3466520	-11.10
chr19	3466490	3466530	-12.60
chr19	3466500	3466540	-12.20
chr19	3466510	3466550	-11.30
chr19	3466520	3466560	-9.40
chr19	3466530	3466570	-5.90
chr19	3466540	3466580	-5.00
chr19	3466550	3466590	-2.00
chr19	3466560	3466600	-2.90
chr19	3466570	3466610	-3.10
chr19	3467000	3467040	-10.80
chr19	3467010	3467050	-13.80
chr19	3467020	3467060	-12.60
chr19	3467030	3467070	-2.90
chr19	3467040	3467080	-11.40
chr19	3467050	3467090	-8.40
chr19	3467130	3467170	-7.00
chr19	3467140	3467180	-7.10
chr19	3467150	3467190	-3.20
chr19	3467160	3467200	-6.30
chr19	3467170	3467210	-7.40
chr19	3467180	3467220	-4.80
chr19	3467190	3467230	-6.50
chr19	3467200	3467240	-11.50
chr19	3467210	3467250	-8.80
chr19	3467220	3467260	-10.50
chr19	3467230	3467270	-12.60
chr19	3467240	3467280	-8.40
chr19	3467250	3467290	-8.20
chr19	3467260	3467300	-6.70
chr19	3467720	3467760	-7.40
chr19	3467730	3467770	-5.40
chr19	3467740	3467780	-4.80
chr19	3467750	3467790	-9.60
chr19	3467760	3467800	-8.30
chr19	3467770	3467810	-11.00
chr19	3467890	3467930	-4.60
chr19	3467900	3467940	-4.40
chr19	3467910	3467950	-7.30
chr19	3467920	3467960	-11.60
chr19	3467930	3467970	-13.50
chr19	3467940	3467980	-11.30
chr19	3467950	3467990	-11.30
chr19	3467960	3468000	-9.50
chr19	3467970	3468010	-11.90
chr19	3467980	3468020	-12.60
chr19	3467990	3468030	-4.80
chr19	3468000	3468040	-6.50
chr19	3468650	3468690	-4.10
chr19	3468660	3468700	-8.30
chr19	3468670	3468710	-4.90
chr19	3468680	3468720	-7.10
chr19	3468690	3468730	-8.20
chr19	3468700	3468740	-2.60
chr19	3469630	3469670	-4.50
chr19	3469640	3469680	-2.70
chr19	3469650	3469690	-6.20
chr19	3469660	3469700	-7.40
chr19	3469670	3469710	-7.10
chr19	3469680	3469720	-8.10
chr19	3469690	3469730	-5.00
chr19	3469700	3469740	-0.70
chr19	3469710	3469750	-0.70
chr19	3469720	3469760	-2.30
chr19	3469730	3469770	-2.20
chr19	3469820	3469860	-6.70
chr19	3469830	3469870	-6.70
chr19	3469840	3469880	-4.90
chr19	3469850	3469890	-2.60
chr19	3469860	3469900	-6.20
chr19	3469870	3469910	-9.50
chr19	3470110	3470150	-3.60
chr19	3470120	3470160	-4.80
chr19	3470130	3470170	-2.50
chr19	3470140	3470180	-12.40
chr19	3470150	3470190	-3.80
chr19	3470160	3470200	-4.20
chr19	3470960	3471000	-9.90
chr19	3470970	3471010	-6.50
chr19	3470980	3471020	-11.30
chr19	3470990	3471030	-10.50
chr19	3471000	3471040	-2.50
chr19	3471010	3471050	-1.80
chr19	3471020	3471060	-2.00
chr19	3471030	3471070	-4.10
chr19	3471040	3471080	-5.90
chr19	3471050	3471090	-5.90
chr19	3471060	3471100	-3.20
chr19	3472170	3472210	-10.40
chr19	3472180	3472220	-10.20
chr19	3472190	3472230	-0.60
chr19	3472200	3472240	-0.60
chr19	3472210	3472250	-5.10
chr19	3472220	3472260	-9.20
chr19	3473760	3473800	-3.10
chr19	3473770	3473810	-5.20
chr19	3473780	3473820	-5.70
chr19	3473790	3473830	-3.70
chr19	3473800	3473840	-4.50
chr19	3473810	3473850	-4.00
chr19	3473820	3473860	-4.60
chr19	3473830	3473870	-4.50
chr19	3474440	3474480	-12.00
chr19	3474450	3474490	-5.10
chr19	3474460	3474500	-1.40
chr19	3474470	3474510	-5.20
chr19	3474480	3474520	-7.20
chr19	3474490	3474530	-11.20
chr19	3474710	3474750	-1.40
chr19	3474720	3474760	-4.00
chr19	3474730	3474770	-2.10
chr19	3474740	3474780	-5.40
chr19	3474750	3474790	-5.90
chr19	3474760	3474800	-6.60
chr19	3474770	3474810	-7.80
chr19	3474780	3474820	-7.60
chr19	3474790	3474830	-6.10
chr19	3474800	3474840	-6.60
chr19	3474810	3474850	-11.80
chr19	3474820	3474860	-6.50
chr19	3474830	3474870	-1.20
chr19	3474840	3474880	-1.60
chr19	3474850	3474890	-7.00
chr19	3475300	3475340	-2.80
chr19	3475310	3475350	-12.40
chr19	3475320	3475360	-13.30
chr19	3475330	3475370	-6.80
chr19	3475340	3475380	-7.20
chr19	3475350	3475390	-4.60
chr19	3475670	3475710	-1.30
chr19	3475680	3475720	-3.50
chr19	3475690	3475730	-7.20
chr19	3475700	3475740	-8.90
chr19	3475710	3475750	-11.10
chr19	3475720	3475760	-8.30
chr19	3475980	3476020	-1.50
chr19	3475990	3476030	-1.70
chr19	3476000	3476040	-4.50
chr19	3476010	3476050	-8.30
chr19	3476020	3476060	-7.70
chr19	3476030	3476070	-7.90
chr19	3476040	3476080	-10.10
chr19	3476050	3476090	-10.10
chr19	3476160	3476200	-9.90
chr19	3476170	3476210	-12.10
chr19	3476180	3476220	-11.20
chr19	3476190	3476230	-9.60
chr19	3476200	3476240	-7.70
chr19	3476210	3476250	-7.20
chr19	3476380	3476420	-5.60
chr19	3476390	3476430	-6.10
chr19	3476400	3476440	-0.40
chr19	3476410	3476450	-1.60
chr19	3476420	3476460	-2.10
chr19	3476430	3476470	-7.50
chr19	3476440	3476480	-4.80
chr19	3476450	3476490	-4.80
chr19	3476460	3476500	-8.60
chr19	3476470	3476510	-7.30
chr19	3476480	3476520	-7.30
chr19	3476490	3476530	-7.60
chr19	3476500	3476540	-12.00
chr19	3476510	3476550	-6.40
chr19	3476520	3476560	-9.50
chr19	3476530	3476570	-10.20
chr19	3476540	3476580	-11.90
chr19	3476550	3476590	-10.00
chr19	3476560	3476600	-2.80
chr19	3476570	3476610	-3.30
chr19	3476580	3476620	-1.20
chr19	3476770	3476810	-10.10
chr19	3476780	3476820	0.00
chr19	3476790	3476830	0.00
chr19	3476800	3476840	0.00
chr19	3476810	3476850	0.00
chr19	3476820	3476860	0.00
chr19	3477200	3477240	-10.10
chr19	3477210	3477250	-5.20
chr19	3477220	3477260	-4.90
chr19	3477230	3477270	-9.80
chr19	3477240	3477280	-10.40
chr19	3477250	3477290	-4.70
chr19	3477470	3477510	-0.40
chr19	3477480	3477520	0.00
chr19	3477490	3477530	-1.20
chr19	3477500	3477540	-3.90
chr19	3477510	3477550	-2.50
chr19	3477520	3477560	-2.30
chr19	3477840	3477880	-1.80
chr19	3477850	3477890	-1.50
chr19	3477860	3477900	-2.60
chr19	3477870	3477910	-2.90
chr19	3477880	3477920	-2.00
chr19	3477890	3477930	-6.40
chr19	3477970	3478010	-4.60
chr19	3477980	3478020	-5.20
chr19	3477990	3478030	-8.70
chr19	3478000	3478040	-3.40
chr19	3478010	3478050	-3.30
chr19	3478020	3478060	-4.90
chr19	3478030	3478070	-12.00
chr19	3478280	3478320	-3.00
chr19	3478290	3478330	-1.10
chr19	3478300	3478340	-2.50
chr19	3478310	3478350	-6.80
chr19	3478320	3478360	-7.80
chr19	3478330	3478370	-5.00
chr19	3481200	3481240	-9.50
chr19	3481210	3481250	-5.60
chr19	3481220	3481260	-2.90
chr19	3481230	3481270	-6.50
chr19	3481240	3481280	-6.50
chr19	3481310	3481350	-7.30
chr19	3481320	3481360	-6.00
chr19	3481330	3481370	-3.90
chr19	3481340	3481380	-4.60
chr19	3481350	3481390	-0.50
chr19	3481360	3481400	-1.00
chr19	3481370	3481410	-1.00
chr19	3481380	3481420	0.00
chr19	3481390	3481430	-3.30
chr19	3481400	3481440	-2.30
chr19	3481410	3481450	-1.90
chr19	3481420	3481460	-3.80
chr19	3481430	3481470	-3.80
chr19	3481440	3481480	-8.20
chr19	3481450	3481490	-9.30
chr19	3481460	3481500	-6.10
chr19	3481470	3481510	-7.60
chr19	3481480	3481520	-5.90
chr19	3481490	3481530	-2.50
chr19	3481500	3481540	-4.10
chr19	3481510	3481550	-13.40
chr19	3481520	3481560	-6.30
chr19	3481620	3481660	-6.50
chr19	3481630	3481670	-3.20
chr19	3481640	3481680	-3.00
chr19	3481650	3481690	-3.00
chr19	3481660	3481700	-5.00
chr19	3481670	3481710	-11.40
chr19	3481890	3481930	-10.30
chr19	3481900	3481940	-14.50
chr19	3481910	3481950	-8.30
chr19	3481920	3481960	-4.60
chr19	3481930	3481970	0.00
chr19	3481940	3481980	-1.80
chr19	3481950	3481990	-2.30
chr19	3481960	3482000	-1.80
chr19	3481970	3482010	-2.90
chr19	3481980	3482020	-3.90
chr19	3481990	3482030	-3.90
chr19	3482000	3482040	-3.60
chr19	3482010	3482050	-4.30
chr19	3482020	3482060	-8.10
chr19	3482030	3482070	-7.10
chr19	3482040	3482080	-8.40
chr19	3482050	3482090	-2.90
chr19	3482060	3482100	-3.40
chr19	3482070	3482110	-3.40
chr19	3482080	3482120	-2.60
chr19	3482090	3482130	-2.00
chr19	3482100	3482140	-5.10
chr19	3482170	3482210	-11.10
chr19	3482180	3482220	-6.00
chr19	3482190	3482230	-2.80
chr19	3482200	3482240	-3.40
chr19	3482210	3482250	-6.80
chr19	3482220	3482260	0.00
chr19	3482230	3482270	0.00
chr19	3482240	3482280	-2.20
chr19	3482250	3482290	-5.90
chr19	3482260	3482300	-4.00
chr19	3482270	3482310	-5.50
chr19	3482280	3482320	-7.30
chr19	3482290	3482330	-6.90
chr19	3482300	3482340	-5.70
chr19	3482480	3482520	-5.90
chr19	3482490	3482530	-6.10
chr19	3482500	3482540	-3.90
chr19	3482510	3482550	-1.00
chr19	3482520	3482560	-3.10
chr19	3482530	3482570	-4.50
chr19	3482540	3482580	-2.90
chr19	3483890	3483930	-9.10
chr19	3483900	3483940	-6.40
chr19	3483910	3483950	-5.40
chr19	3483920	3483960	-1.90
chr19	3483930	3483970	-3.90
chr19	3483940	3483980	-1.50
chr19	3484450	3484490	-4.00
chr19	3484460	3484500	-3.80
chr19	3484470	3484510	-5.40
chr19	3484480	3484520	-8.90
chr19	3484490	3484530	-1.80
chr19	3484500	3484540	-1.80
chr19	3484760	3484800	-3.90
chr19	3484770	3484810	-3.90
chr19	3484780	3484820	-2.90
chr19	3484790	3484830	-2.50
chr19	3484800	3484840	-2.50
chr19	3484810	3484850	-5.80
chr19	3484820	3484860	-0.80
chr19	3484830	3484870	-2.80
chr19	3484840	3484880	-7.80
chr19	3484850	3484890	-7.70
chr19	3484860	3484900	-8.20
chr19	3484870	3484910	-2.90
chr19	3484880	3484920	-5.80
chr19	3486970	3487010	-5.50
chr19	3486980	3487020	-6.10
chr19	3486990	3487030	-10.80
chr19	3487000	3487040	-6.60
chr19	3487010	3487050	-5.40
chr19	3487020	3487060	-5.00
chr19	3487030	3487070	-3.40
chr19	3487040	3487080	-4.00
chr19	3487050	3487090	-4.50
chr19	3492360	3492400	-3.10
chr19	3492370	3492410	-2.00
chr19	3492380	3492420	-1.70
chr19	3492390	3492430	-6.60
chr19	3492400	3492440	-2.20
chr19	3492410	3492450	-7.70
chr19	3492420	3492460	-7.20
chr19	3492430	3492470	-1.10
chr19	3492440	3492480	-5.70
chr19	3492450	3492490	-6.40
chr19	3492460	3492500	-3.50
chr19	3492470	3492510	-3.50
chr19	3492480	3492520	-2.90
chr19	3493880	3493920	-1.00
chr19	3493890	3493930	-2.30
chr19	3493900	3493940	-4.50
chr19	3493910	3493950	-4.60
chr19	3493920	3493960	-8.70
chr19	3493930	3493970	-7.60
chr19	3493940	3493980	-3.40
chr19	3493950	3493990	-3.40
chr19	3493960	3494000	-0.20
chr19	3493970	3494010	-4.20
chr19	3493980	3494020	-5.40
chr19	3493990	3494030	-5.90
chr19	3494000	3494040	-3.60
chr19	3496510	3496550	-10.80
chr19	3496520	3496560	-10.30
chr19	3496530	3496570	-11.30
chr19	3496540	3496580	-8.20
chr19	3496550	3496590	-6.30
chr19	3496560	3496600	-5.80
chr19	3496570	3496610	-5.80
chr19	3496580	3496620	-3.50
chr19	3496590	3496630	-7.00
chr19	3496600	3496640	-7.70
chr19	3496610	3496650	-8.00
chr19	3501660	3501700	-6.90
chr19	3501670	3501710	-2.20
chr19	3501680	3501720	-0.90
chr19	3501690	3501730	-4.50
chr19	3501700	3501740	-3.20
chr19	3501710	3501750	-3.80
